1
2
3
4
5
6
7
8
9
10
11
12
13
14
15
16
17
18
19
20
21
22
23
24
25
26
27
28
29
30
31
32
33
34
35
36
37
38
39
40
41
42
43
44
45
46
47
48
49
50
51
52
53
54
55
56
57
58
59
60
61
62
63
64
65
66
67
68
69
70
71
72
73
74
75
76
77
78
79
80
81
82
83
84
85
86
87
88
89
90
91
92
93
94
95
96
97
98
99
100
101
102
103
104
105
106
107
108
109
110
111
112
113
114
115
116
117
118
119
120
121
122
123
124
125
126
127
128
129
130
131
132
133
134
135
136
137
138
139
140
141
142
143
144
145
146
147
148
149
150
151
152
153
154
155
156
157
158
159
160
161
162
182
183
184
186
187
188
189
190
197
198
199
200
201
202
203
204
205
206
207
208
209
210
211
212
213
214
215
216
218
219
220
221
222
223
224
225
226
227
228
229
230
231
232
233
234
235
236
237
238
239
240
241
242
243
244
245
246
247
248
249
250
251
252
253
254
255
256
257
273
274
275
276
290
291
292
293
294
295
296
297
298
299
300
301
302
303
304
305
306
307
308
309
310
311
312
313
314
315
316
317
318
319
320
321
322
323
324
325
326
327
328
329
330
331
332
333
334
335
336
337
338
339
340
341
342
343
344
345
346
347
348
349
350
351
352
353
354
355
356
357
358
359
360
361
362
363
364
365
366
367
368
369
370
371
372
373
374
375
379
380
381
383
384
385
386
387
388
389
390
391
392
393
394
395
396
397
398
399
400
401
402
409
410
411
412
413
414
416
417
418
419
420
421
422
423
424
425
426
427
428
429
430
431
434
435
436
437
438
439
440
441
442
443
444
445
446
447
448
449
450
451
452
453
454
455
456
457
458
459
460
461
469
470
471
472
473
475
476
477
478
479
480
481
483
484
485
486
487
488
489
491
492
493
494
495
496
497
498
499
500
501
502
503
504
505
506
507
508
510
511
512
513
514
515
516
517
518
519
520
521
522
523
524
525
526
527
528
529
530
531
532
533
534
535
536
537
538
539
540
541
542
543
544
545
546
547
548
549
550
551
552
553
554
555
556
557
558
559
560
561
562
563
564
565
566
567
568
569
570
571
572
573
574
575
576
577
578
579
580
581
582
583
584
585
586
587
588
589
590
591
592
593
594
595
596
597
598
599
600
601
602
603
604
605
606
607
608
609
610
611
612
613
614
615
616
617
618
619
620
621
622
623
624
625
626
627
628
629
630
631
632
633
634
635
636
637
638
639
640
641
642
643
644
645
646
647
648
667
668
669
670
671
672
673
674
675
676
677
678
679
680
681
682
683
684
685
686
687
688
689
690
691
692
693
694
695
696
697
698
699
700
701
702
703
704
705
706
707
708
709
710
711
712
713
714
715
716
717
718
719
720
721
722
723
724
725
726
727
728
729
735
736
737
738
739
740
741
748
749
750
751
752
753
754
755
756
757
758
759
760
761
762
763
764
765
766
767
768
769
770
771
772
773
774
775
776
777
778
779
780
781
787
788
789
790
791
792
793
794
795
796
797
798
799
800
801
802
803
804
805
806
807
808
809
810
811
812
813
814
815
816
817
818
819
820
821
822
823
824
825
826
827
828
829
830
831
832
833
834
835
836
837
838
839
840
841
842
843
844
845
846
847
848
849
850
851
852
853
854
855
856
857
858
859
860
861
862
863
864
865
866
867
868
869
870
871
872
873
874
875
876
921
1001
1002
1003
1004
1005
1006
1007
1008
1009
1010
1011
1012
1013
1014
1015
1016
1050
1051
1052
1053
1054
1055
1056
1057
1058
1059
1060
1061
1062
1063
1064
1065
1066
1067
1068
1069
1070
1071
1072
1073
1074
1075
1076
1077
1078
1079
1080
1081
1082
1083
1084
1085
1086
1087
1088
1089
1090
1091
1092
1093
1094
1095
1096
1097
1098
1099
1100
1101
1102
1103
1104
1105
1106
1107
1108
1109
1110
1111
1112
1113
1114
1115
1116
1117
1118
1119
1120
1121
1122
1123
1124
1125
1126
1127
1128
1129
1130
1131
1132
1133
1134
1135
1136
1137
1138
1139
1140
1141
1142
1143
1144
1145
1147
1148
1150
1151
1152
1153
1154
1155
1156
1157
1158
1159
1160
1161
1162
1163
1164
1165
1166
1167
1168
1169
1170
1171
1172
1173
1174
1175
1176
1177
1178
1179
1180
1181
1182
1183
1184
1185
1186
1187
1188
1189
1190
1191
1192
1193
1194
1195
1196
1197
1198
1199
1200
1201
1202
1203
1204
1205
1206
1207
1208
1209
1210
1211
1212
1213
1214
1215
1216
1217
1219
1220
1221
1222
1223
1224
1225
1226
1227
1228
1229
1230
1231
1232
1233
1234
1235
1236
1237
1238
1239
1240
1241
1242
1243
1244
1245
1246
1250
1252
1253
1255
1256
1257
1258
1259
1260
1261
1262
1263
1264
1265
1266
1267
1268
1269
1270
1271
1272
1273
1274
1275
1276
1277
1278
1279
1280
1281
1282
1283
1284
1285
1286
1287
1288
1289
1290
1291
1292
1293
1300
1301
1302
1303
1304
1305
1306
1307
1308
1309
1310
1311
1312
1313
1314
1315
1316
1317
1318
1319
1320
1321
1322
1323
1324
1325
1326
1327
1328
1329
1330
1331
1332
1333
1334
1335
1336
1337
1338
1339
1340
1341
1342
1343
1344
1345
1346
1347
1348
1349
1354
1355
1356
1358
1360
1361
1365
1369
1370
1371
1500
1501
1502
1503
1504
1505
1506
1507
1508
1509
1510
1511
1512
1513
1514
1515
1516
1517
1700
1701
1702
1709
1710
1711
1720
1721
1722
1723
1724
1725
1729
1730
1731
1732
1733
1734
1735
1736
1737
1738
1739
1740
1750
1751
1752
1753
1754
1755
1756
1757
1758
1759
1761
1762
1764
1765
1767
1768
1770
1771
1773
1774
1776
1777
1779
1780
1781
1782
1783
1784
1785
1786
1787
1788
1789
1790
1791
1792
1793
1794
1795
1796
1797
1798
1799
1800
1801
1802
1803
1804
1805
1806
1807
1808
1810
1811
1812
1813
1814
1815
1816
1817
1818
1819
1820
1821
1822
1823
1824
1825
1826
1827
1828
1829
1830
1831
1832
1833
1834
1835
1836
1837
1838
1839
1840
1841
1842
1843
1844
1845
1846
1847
2004
2034
2035
2036
2037
2038
2039
2040
2041
2042
2043
2044
2045
2046
2047
2048
2049
2050
2051
2052
2053
2054
2055
3000
3002
3003
3004
3005
3006
3007
3008
3009
3010
3011
3012
3013
3014
3015
3016
3017
3018
3019
3020
3021
3022
3023
3024
3025
3026
3027
3028
3029
3030
3031
3032
3033
3034
3035
3036
3037
3042
3043
3044
3045
3046
3047
3052
3053
3054
3055
3056
3057
3058
3059
3060
3061
3062
3063
3064
3065
3066
3067
3068
3069
3070
3071
3072
3073
3074
3075
3076
3077
3078
3079
3080
3081
3082
3083
3091
3092
3094
3095
3096
3097
3098
3099
3100
3101
3102
3103
3104
3105
3166
3167
3171
3172
3173
3200
3202
3203
3204
3205
3206
3209
3210
3211
3213
3215
3217
3218
3219
3220
3221
3223
3224
3225
3226
3227
3228
3229
3230
3231
3232
3233
3234
3235
3236
3237
3515
3516
3517
3520
3526
3562
3572
3573
3574
3575
3600
3602
3603
3605
3606
3607
3608
3609
3610
3611
3700
3701
3702
3703
3704
3705
3714
3715
3716
3738
3740
3745
3800
3818
3820
3822
3825
3826
3827
3863
3864
3865
3866
3867
3868
3869
3870
3871
3872
3873
3874
5000
5001
5002
5003
5004
5005
5006
5007
5008
5009
5010
5011
5012
5013
5014
5015
5016
5017
5018
5019
5020
5021
5345
7000
7001
7002
7003
7004
7005
7006
7007
7008
7009
7010
7011
7012
7013
7014
7015
7016
7017
7018
7019
7020
8001
8002
8003
8004
8005
8006
8007
8008
8009
8010
8011
8012
8013
8014
8015
8016
8017
8018
8019
8020
8021
8022
8023
8024
8025
8026
8027
8028
8029
8030
8031
8032
8033
8034
8035
8036
8037
8038
8039
8040
8041
8042
8043
8044
8045
8046
8047
8048
8049
8050
8051
8052
8053
8054
8055
8056
8057
8058
8059
8060
8061
8062
8063
8064
8065
8066
8067
8068
8069
8070
8071
8072
8073
8074
8075
8076
8077
8078
8079
8080
8081
8082
8083
8084
8085
8086
8087
8088
8089
8090
8091
8092
8093
8094
8095
8096
8097
8098
8099
8100
8101
8102
8103
8104
8105
8106
8107
8108
8109
8110
8111
8112
8113
8114
8115
8116
8117
8118
8119
8200
8201
8202
8203
8204
8205
8206
8207
8208
8209
8210
8211
8212
8213
8214
8215
8216
8217
8218
8219
8220
8221
8222
8223
8224
8225
8226
8227
8228
8229
8230
8231
8232
8233
8234
8235
8236
8237
8238
8239
8240
8241
8242
8243
8244
8245
8246
8247
8248
8249
8250
8251
8252
8253
8254
8255
8256
8257
8258
8259
8260
8261
8262
8263
8264
8265
8266
8267
8268
8269
8270
8271
8272
8273
8274
8275
8276
8277
8278
8279
8280
8281
8282
8283
8284
8285
8286
8287
8288
8289
8290
8291
8292
8293
8294
8295
8296
8297
8299
8300
8301
8302
8303
8304
8305
8306
8307
8308
8309
8310
8311
8312
8313
8314
8315
8316
8317
8318
8319
8320
8321
8322
8323
8324
8325
8326
8327
8328
8329
8500
8501
8502
8503
8504
8505
8506
8507
8508
8509
8510
8511
8512
8513
8514
8515
8516
8517
8518
8519
8520
8521
8522
8523
8524
8525
8526
8527
8529
8530
8531
8532
8533
8534
8535
8536
8537
8538
8539
8540
8541
8542
8543
8544
8545
8546
8547
8548
8549
8550
8551
8552
8553
8554
8555
8556
8557
8558
8559
8561
8562
8563
8564
8565
8566
8567
8568
8569
8590
8591
8592
8593
8594
8595
8596
8597
8598
8599
8600
8601
8602
8603
8604
8605
8606
8607
8608
8609
8610
8611
8612
8613
8614
8615
8616
8617
8618
8619
8620
8621
8622
8623
8624
8625
8626
8627
8628
8629
8630
8631
8632
8633
8634
8635
8636
8637
8638
8639
8641
8642
8643
8644
8645
8646
8647
8648
8649
8650
8651
8652
8653
8654
8655
8656
8657
8658
8659
8660
8661
8662
8663
8664
8665
8666
8667
8668
8669
8670
8671
8672
8673
8674
8675
8676
8677
8678
8679
8680
8681
8682
8683
8684
8685
8686
8687
8688
8689
8690
8691
8692
8693
8694
8695
8696
8697
8698
8699
8700
8701
8702
8703
8704
8705
8706
8707
8708
8709
8710
8711
8712
8713
8714
8715
8716
8717
8718
8719
8720
8721
8722
8723
8724
8725
8726
8727
8728
8729
8730
8731
8732
8733
8734
8735
8736
8737
8738
8739
8740
8741
8742
8743
8744
8745
8746
8747
8748
8749
8750
8751
8752
8753
8754
8755
8756
8757
8758
8759
8760
8761
8762
8763
8999
9000
9001
9002
9003
9004
9005
9006
9007
9008
9009
9010
9011
9012
9013
9014
9015
9016
9017
9018
9019
9020
9021
9022
9023
9024
9025
9026
9027
9028
9029
9030
9031
9032
9033
9034
9035
9036
9037
9038
9039
9040
9041
9042
9043
9044
9045
9046
9047
9048
9049
9050
9051
9052
9053
9054
9055
9056
9057
9058
9059
9060
9061
9062
9063
9064
9065
9066
9067
9068
9069
9070
9071
9072
9073
9074
9075
9076
9077
9078
9079
9080
9081
9082
9083
9084
9085
9460
9461
9462
9463
9464
9465
9466
9467
9468
9469
9510
9511
9513
9514
9515
9516
9517
9518
9519
9520
9521
9522
9523
9524
9525
9526
9527
9528
9529
9530
9531
9532
9533
9534
9535
9536
12001
12002
12003
12006
12008
12009
12010
12011
12014
12015
12016
13000
13001
13002
13003
13004
13005
13006
13007
13008
13009
13010
13011
13012
13013
13022
24015
100009
110001
110002
110003
110004
110005
110006
110007
110008
110009
110010
190014
190016
700022
5555555
5555556
5555557
5555558
8628358
2222222222
2222222223
2222222224
2222222225
2222222226
2222222227
2222222228
2222222229
2222222230
2222222231
2222222232
2222222233
11621012356
60060123456
60130123456
60140123456
90260123456
90270123456
104130123456
104290123456
104330123456
104370123456
104380123456
104390123456
104560123456
104620123456
104650123456
105270123456
105320123456
105340123456
105380123456
105400123456
105420123456
105440123456
105460123456
105480123456
105500123456
105520123456
105570123456
105580123456
105600123456
105620123456
105630123456
105640123456
105670123456
105680123456
105750123456
105790123456
105810123456
105830123456
105850123456
105930123456
105960123456
105970123456
105990123456
106010123456
106030123456
106050123456
106070123456
106350123456
106360123456
106370123456
106380123456
112990123456
113000123456
113010123456
113040123456
113050123456
113150123456
113180123456
113190123456
113470123456
115370123456
115420123456
115440123456
115490123456
115500123456
115530123456
115550123456
115570123456
115590123456
115610123456
115630123456
115660123456
115670123456
115680123456
115690123456
115700123456
115710123456
115720123456
115730123456
115750123456
115790123456
115810123456
115830123456
115850123456
116220123456
116230123456
116240123456
124550123456
124560123456
124800123456
125020123456
125090123456
132400123456
132690123456
132700123456
132880123456
132890123456
134800123456
134810123456
134820123456
134930123456
134940123456
134950123456
134960123456
134970123456
134980123456
134990123456
135000123456
143200123456
145050123456
145150123456
145160123456
152770123456
152780123456
152960123456
152970123456
163510123456
163720123456
163890123456
163930123456
164020123456
164120123456
164130123456
164140123456
164150123456
164160123456
164170123456
164190123456
164490123456
164500123456
164510123456
172600123456
172720123456
172730123456
172740123456
172760123456
172770123456
172780123456
172800123456
173080123456
173100123456
173110123456
173120123456
173130123456
173140123456
173150123456
203360123456
204090123456
204100123456
204110123456
204120123456
204130123456
281850123456
281870123456
281900123456
282010123456
282050123456
282170123456
282270123456
282280123456
282300123456
282310123456
282320123456
282370123456
282390123456
282410123456
282420123456
282450123456
282460123456
282480123456
282500123456
282510123456
283030123456
283040123456
283090123456
283100123456
283130123456
283150123456
283160123456
283170123456
283180123456
283190123456
283200123456
283210123456
283350123456
283370123456
283380123456
283390123456
283400123456
283420123456
290260123456
290270123456
290280123456
290290123456
290300123456
290310123456
290320123456
290330123456
290340123456
290350123456
290360123456
290370123456
290380123456
290390123456
290400123456
290410123456
290420123456
301700123456
301710123456
301720123456
301730123456
301750123456
301760123456
301770123456
301780123456
301790123456
301800123456
301820123456
301830123456
301840123456
301850123456
301860123456
301870123456
321950123456
321980123456
321990123456
322000123456
322030123456
322040123456
322050123456
322060123456
322070123456
322080123456
322090123456
322100123456
322220123456
330360123456
501370123456
501420123456
501510123456
501520123456
501530123456
501540123456
501560123456
1110030119003
1110030119004
1110030119005
1110030119006
1110030119007
1110030119012
1110030119020
1110030119022
1110030119026
1110030120000
1110086219000
1110086219001
1110086219002
1110086219003
1110092118032
1110092118033
1110092119000
1110092119002
1110092119003
1110092119004
1110092119005
1110092119009
1110092119010
1110092119012
1110092119013
1110092119014
1110092119015
1110092119016
1110092119019
1110092119043
1110092119057
1110092119058
1110092119059
1110092119061
1110092119062
1110092120000
1110092120001
1110092120002
1110092120003
1110092120004
1110092120005
1110092120006
1110092120007
1110092120008
1110092120009
1110092120010
1110092120011
1110092120012
1110092120013
1110092120014
1110092120029
1110092120030
1110092120039
1110092219001
1110092219002
1110092219003
1110092219004
1110092219018
1110092219019
1110092219030
1110092219031
1110092219032
1110092219033
1110092219034
1110092219036
1110092219037
1110092219038
1110092219039
1110092220001
1110092220004
1110092220005
1110092220009
1110092220010
1110092220011
1110092220012
1110092220013
1110092220017
1110092220020
1110092220021
1110092220024
1110092220025
1110092220026
1110092220027
1110092220029
1110092220030
1110092220031
1110092220032
1110092220033
1110092220034
1110092220035
1110092220037
1110092220038
1110092220039
1110092220040
1110092220041
1110092220042
1110092220043
1110092220045
1110092220046
1110092220047
1110092220054
1110092220055
1110092220056
1110092220057
1110092220058
1110092220059
1111086218037
1111086218038
1111086219003
1111086219008
1111086219009
1111086219012
1111086219014
1111086219022
1111086219026
1111086219027
1111086219028
1111086219029
1111086219030
1111086219031
1111086219032
1111086219034
1111086219035
1111086219036
1111086219037
1111086219038
1111086219039
1111086219054
1111086219055
1111086219056
1111086219057
1111086220012
1111086220013
1111086220014
1111086220016
1111086220017
1111086220018
1111086220019
1111086220020
1111086220021
1111086220022
1111086220023
1111086220024
1111086220025
1111111111111
1112030119004
1112030120000
1112030219001
1112030219002
1112030219025
1112030219026
1112092120000
1112092120003
1112092219026
1112092219029
1112092219030
1112092219031
1112092220001
1112092220002
1112092220003
1112092220005
1112092220006
1112092220016
1112092220018
1112092220020
1113034119000
1113034119004
1113034119005
1113034119006
1113034119007
1113034119009
1113034119010
1113086118000
1113086118001
1113086118002
1113086118003
1113086118004
1113086118005
1113086118007
1113086118008
1113086118009
1113086118011
1113086216003
1113086216012
1113086218006
1113086218007
1113086219005
1113086220000
1113086220001
1113086220002
1113086220003
1113086220004
1113086220005
1113086220006
1113086220007
1113086220008
1113086220009
1113086220010
1113086220011
1113086220012
1113086220013
1113090219001
1113090219003
1113090219004
1113090219016
1113090219018
1113092120000
1113092120002
1113092120003
1113092120004
1113092120005
1113092120006
1113092120007
1113092120008
1113092219000
1113092219001
1113092219002
1113092219003
1113351120000
1113351120001
1113351120002
1113351120003
1113351120005
1114030120000
1114030120001
1114030120002
1114030120006
1114030120007
1114030120008
1114030120009
1114086119035
1114086119037
1114086119041
1114086119045
1114086119050
1114086119053
1114086119054
1114086119055
1114086119056
1114086119060
1114086120037
1114086120038
1114086120039
1114086120040
1114086120041
1114086120042
1114086120043
1114086120044
1114086219001
1114086219006
1114086219007
1114086219008
1114086219009
1114086219010
1114086219011
1114086219012
1114086219014
1114086219015
1114086219018
1114086219019
1114086219020
1114086219021
1115030116000
1115030116001
1115030116003
1115086110000
1115086213000
1115086213002
1116086217000
1116086217001
1116086217002
1116086217004
1116086217005
1116086217006
1116086217008
1116086220007
1116086220008
1116086220009
1116086220010
1116086220011
1116086220012
1116086220013
1117092119000
1117092119002
1117092119003
1117092119004
1117092119005
1117092119009
1117092120001
1117092120002
1117092219002
1117092219003
1118086212001
1119086119003
1119086119004
1119086119011
1119086119012
1122030219016
1122090118031
1122090118032
1122090120000
1122090120001
1122090120002
1122090120003
1122090120004
1122090120005
1122090120006
1122090120007
1122090120008
1122090120009
1122090120010
1122090120011
1122090214006
1122090214007
1122090214008
1122090214009
1122090214010
1122090217008
1122090217009
1122090217010
1122090219032
1122090219033
1122090219034
1122090219036
1122090219037
1122090220000
1122090220001
1122090220002
1122090220003
1122090220004
1122090220005
1122090220006
1122090220007
1122092118000
1122092219000
1122092219044
1122092219045
1122092219046
1127091216002
1127091216005
1127091218004
1127091218007
1127091218012
1127091218013
1127091218014
1127091218016
1127091218019
1127091218020
1127091218030
1127091218031
1127091218034
1128030218001
1128086119001
1128086120000
1128086120001
1128086120002
1128086120003
1128086120004
1128086120005
1130030119013
1130030119015
1130030119016
1130090119000
1130090119001
1131090114003
1131090114004
1131090117000
1131090117001
1131090117002
1131090117003
1131090117004
1131090117005
1131090117006
1131090212000
1131090212001
1131090212002
1131090212003
1131090212004
1131090212005
1131090212006
1131090212007
1131090212008
1131090212009
1131090212010
1131090212011
1131090212012
1131090212013
1131090212014
1131090212015
1131090212016
1131090212017
1131090212021
1131090212022
1131090212023
1131090212024
1131090212027
1131090214001
1131090214002
1131090214004
1131090214005
1131090214006
1131090214007
1131090214009
1131090214010
1131090215000
1131090215001
1131090215002
1131090215003
1131090215004
1131090215005
1131090217000
1131090217001
1131090217002
1131090217003
1131090217004
1131090217005
1131090217006
1131090217007
1131092110007
1131092110008
1131092110015
1131092110017
1131092110025
1131092110026
1131092115002
1131092115004
1131092116001
1131092116010
1131092118001
1131092118002
1131092119001
1131092119003
1131092119004
1131092216006
1131092216008
1131092219005
1131092219006
1133030118052
1133030120044
1133086217000
1133086217001
1133086217002
1133086217004
1133086217005
1133086217006
1133086217008
1133086217009
1133086217010
1133086217011
1133086217016
1133086217017
1133086217018
1133086217021
1133086217022
1133086217024
1133086217025
1133086217026
1133086217027
1133086217028
1133086217029
1133086217030
1133086217032
1133086217033
1133086217034
1133086220000
1133086220001
1133086220002
1133086220003
1133086220005
1133086220006
1139091118081
1139091118084
1139091118085
1139091118086
1139091118087
1139091118088
1139091118089
1139091118090
1139091118091
1139091118092
1139091118093
1139091118094
1139091118095
1139091118097
1139091118098
1139091118099
1139091118100
1139091118101
1139091118102
1139091118104
1139091118105
1139091118106
1139091118107
1139091118108
1139091118109
1139091118110
1139091118111
1139091118112
1161092118000
1161092118001
1161092118002
1161092219000
1164086111001
1164086215004
1164086215007
1164086215008
1179091119000
1179091119001
1179091119002
1179091119003
1179091119008
1222222222222
1333333333333
1710030118000
1710030215003
1710030215006
1710030215007
1710030215008
1710030215011
1710030215013
1710030215014
1710030215015
1710030216000
1710030216001
1710030217000
1710030217004
1710092119000
1710092119001
1710092119002
1710092119003
1710092119004
1710092119005
1710092119007
1710092119008
1710092119009
1710092119010
1713090215000
1713090215002
1713090215004
1713090215005
1713090215006
1713090215008
1713090217000
1713090217001
1713090217002
1713090217003
1713090217004
1714030117001
1714030119003
1714030119004
1714030119005
1714030120000
1714030120002
1714030120004
1714030120005
1714030120006
1714086119002
1714086219001
1714086219002
1714086219004
1714086219005
1714086219006
1714086219008
1714086219010
1714086219011
1719030116000
1719030116020
1719030116021
1719030116026
1719030120001
1719030120002
1719030120003
1719030120004
1719030120005
1719030120008
1719030120009
1719030120011
1719030120012
1719030120014
1719030120015
1719030120017
1719030120018
1719030120020
1719030120021
1719030120023
1719030120024
1719030120033
1719030120035
1719030120036
1719030219048
1719030219049
1719030219050
1722090118000
1722090215000
1722090215001
1722090215004
1722090215006
1722090215008
1722090217002
1722090217003
1722090217004
1731090118000
1731090215000
1731090215008
1731090217002
1731090217003
1769090115000
1769090115001
1769090115003
1769090115004
1769090115005
1769090115006
1769090115007
1769090115010
1769090115014
1769090115015
1769090115016
1769090115017
1769090115019
1769090115020
1769090115021
1769090115022
1769090115024
1769090115025
1769090115028
1769090115029
1769090115034
1769090115036
1769090115038
1769090117012
1769090117014
1769090117015
1769090117021
1769090117022
1769090117023
1769090216000
1769090216001
1769090216002
1769090216003
9990002452864
9990002452865
9990002452866
9990002452867
9990002452868
9990002452869
9990002452870
9990002452871
9990002452872
9990002452873
9990002452874
9990002452875
9990002452876
9990002452877
9990002452878
9990002452879
9990002452880
9990002452881
9990002452882
9990002452883
9990002452884
9990002452885
9990002452886
9990002452887
9990002452888
9990002452889
9990002452890
9990002452891
9990002452892
9990002452893
9990002452894
9990002452895
9990002452896
9990002452897
9990002452898
9990002452899
9990002452900
9990002452901
9990002452902
9990002452903
9990002452904
9990002452905
9990002452906
9990002452907
9990002452908
9990002452909
9990002452910
9990002452911
9990002452912
9990002452913
9990002452914
9990002452915
9990002452916
9990002452917
9990002452918
9990002452919
9990002452920
9990002452921
9990002452922
9990002452923
9990002452924
9990002452925
9990002452926
9990002452927
9990002452928
9990002452929
9990002452930
9990002452931
9990002452932
9990002452933
9990002452934
9990002452935
τεστ
0
1
1
1
1
1
1
1
1
1
1
1
1
1
1
1
1
1
1
1
1
1
1
1
1
1
1
1
1
1
1
1
1
1
1
1
1
1
1
1
1
1
1
1
1
1
1
1
1
1
1
1
1
1
1
1
1
1
1
1
1
1
1
1
1
1
1
1
1
1
1
1
1
1
1
1
1
1
1
1
1
1
1
1
1
1
1
1
1
1
1
1
1
1
1
1
1
1
1
1
1
1
1
1
1
1
1
1
1
1
1
1
1
1
1
1
1
1
1
1
1
1
1
1
1
1
1
1
1
1
1
1
1
1
1
1
1
1
1
1
1
1
1
1
1
1
1
1
1
1
1
1
1
1
1
1
1
1
1
1
1
1
1
1
1
1
1
1
1
1
1
1
1
1
1
1
1
1
1
1
1
1
1
1
1
1
1
1
1
1
1
1
1
1
1
1
1
1
1
1
1
1
1
1
1
1
1
1
1
1
1
1
1
1
1
1
1
1
1
1
1
1
1
1
1
1
1
1
1
1
1
1
1
1
1
1
1
1
1
1
1
1
1
1
1
1
1
1
1
1
1
1
1
1
1
1
1
1
1
1
1
1
1
1
1
1
1
1
1
1
1
1
1
1
1
1
1
1
1
1
1
1
1
1
1
1
1
1
1
1
1
1
1
1
1
1
1
1
1
1
1
1
1
1
1
1
1
1
1
1
1
1
1
1
1
1
1
1
1
1
1
1
1
1
1
1
1
1
1
1
1
1
1
1
1
1
1
1
1
1
1
1
0
0
1
1
1
1
1
1
1
1
1
1
1
1
1
1
1
1
1
1
1
1
1
1
1
1
1
1
1
1
1
1
1
1
1
1
1
1
1
1
1
1
1
1
1
1
1
1
1
1
1
1
1
1
1
1
1
1
1
1
1
1
1
1
1
1
1
1
1
1
1
1
1
1
1
1
1
1
1
1
1
1
1
1
1
1
1
1
1
1
1
1
1
1
1
1
1
1
1
1
1
1
1
1
1
1
1
1
1
1
1
1
1
1
1
1
1
1
1
1
1
1
1
1
1
1
1
1
1
1
1
1
1
1
1
1
1
1
1
1
1
1
1
1
1
1
1
1
1
1
1
1
1
1
1
1
1
1
1
1
1
1
1
1
1
1
1
1
1
1
1
1
1
1
1
1
1
1
1
1
1
1
1
1
1
1
1
1
1
1
1
1
1
1
1
1
1
1
1
1
1
1
1
1
1
1
1
1
1
1
1
1
1
1
1
1
1
1
1
1
1
1
1
1
1
1
1
1
1
1
1
1
1
1
1
1
1
1
1
1
1
1
1
1
1
1
1
1
1
1
1
1
1
1
1
1
1
1
1
1
1
1
1
1
1
1
1
1
1
1
1
1
1
1
1
1
1
1
1
1
1
1
1
1
1
1
1
1
1
1
1
1
1
1
1
1
1
1
1
1
1
1
1
1
1
1
1
1
1
1
1
1
1
1
1
1
1
1
1
1
1
1
1
1
1
1
1
1
1
1
1
1
1
1
1
1
1
1
1
1
1
1
1
1
1
1
1
1
1
1
1
1
1
1
1
1
1
1
1
1
1
1
1
1
1
1
1
1
1
1
1
1
1
1
1
1
1
1
1
1
1
1
1
1
1
1
1
1
1
1
1
1
1
1
1
1
1
1
1
1
1
1
1
1
1
1
1
1
1
1
1
1
1
1
1
1
1
1
1
1
1
1
1
1
1
1
1
1
1
1
1
1
1
1
1
1
1
1
1
1
1
1
1
1
1
1
1
1
1
1
1
1
1
1
1
1
1
1
1
1
1
1
1
1
1
1
1
1
1
1
1
1
1
1
1
1
1
1
1
1
1
1
1
1
1
1
1
1
1
1
1
1
1
1
1
1
1
1
1
1
1
1
1
1
1
1
1
1
1
1
1
1
1
1
1
1
1
1
1
1
1
1
1
1
1
1
1
1
1
1
1
1
1
1
1
1
1
1
1
1
1
1
1
1
1
1
1
1
1
1
1
1
1
1
1
1
1
1
1
1
1
1
1
1
1
1
1
1
1
1
1
1
1
1
1
1
1
1
1
1
1
1
1
1
1
1
1
1
1
1
1
1
1
1
1
1
1
1
1
1
1
1
1
1
1
1
1
1
1
1
1
1
1
1
1
1
1
1
1
1
1
1
1
1
1
1
1
1
1
1
1
1
1
1
1
1
1
1
1
1
1
1
1
1
1
1
1
1
1
1
1
1
1
1
1
1
1
1
1
1
1
1
1
1
1
1
1
1
1
1
1
1
1
1
1
1
1
1
1
1
1
1
1
1
1
1
1
0
1
1
1
1
1
1
1
1
1
1
1
1
1
1
1
1
1
1
1
1
1
1
1
1
1
1
1
1
1
1
1
1
1
1
1
1
1
1
1
1
1
1
1
1
1
1
1
1
1
1
1
1
1
1
1
1
1
1
1
1
1
1
1
1
1
0
1
1
1
1
1
1
1
1
1
1
1
1
1
1
1
1
1
1
1
1
1
1
1
1
1
1
1
1
1
1
1
1
1
1
1
1
1
1
1
1
1
1
1
1
1
1
1
1
1
1
1
1
1
1
1
1
1
1
1
1
1
1
1
1
1
1
1
1
1
1
1
1
1
1
1
1
1
1
1
1
1
1
1
1
1
1
1
1
1
1
1
1
1
1
1
1
1
1
1
1
1
1
1
1
1
1
1
1
1
1
1
1
1
1
1
1
1
1
1
1
1
1
1
1
1
1
1
1
1
1
1
1
1
1
1
1
1
1
1
1
1
1
1
1
1
1
1
1
1
1
1
1
1
1
1
1
1
1
1
1
1
1
1
1
1
1
1
1
1
1
1
1
1
1
1
1
1
1
1
1
1
1
1
1
1
1
1
1
1
1
1
1
1
1
1
1
1
1
1
1
1
1
1
1
1
1
1
1
1
1
1
0
0
1
1
1
1
1
1
1
1
1
1
1
1
0
1
0
0
0
0
0
0
0
0
1
1
1
1
1
1
1
1
1
1
1
1
1
1
1
1
1
1
1
1
1
1
1
1
1
1
1
1
1
0
0
1
0
0
0
0
0
0
0
0
1
1
1
1
1
1
1
1
1
1
1
1
1
1
1
0
0
1
0
0
0
0
0
0
0
1
1
1
1
1
1
1
1
1
1
1
1
1
1
1
1
1
1
1
1
1
1
1
1
1
1
1
1
1
1
1
1
1
1
0
1
1
1
1
1
1
1
1
1
1
1
1
1
1
1
1
1
1
1
1
1
1
1
1
1
1
1
1
1
1
1
1
1
1
1
1
1
1
1
1
1
1
1
1
1
1
1
1
1
1
1
1
1
1
1
1
1
1
1
1
1
1
1
1
1
1
1
1
1
1
1
1
1
1
1
1
1
1
1
1
1
1
1
1
1
1
1
1
1
1
1
1
1
1
1
1
1
1
1
1
1
1
1
1
1
1
1
1
1
1
1
1
1
1
1
1
1
1
1
1
1
1
1
1
1
1
1
1
1
1
1
1
1
1
1
1
1
1
1
1
1
1
1
1
1
1
1
1
1
1
1
1
1
1
1
1
1
1
1
1
1
1
1
1
1
1
1
1
1
1
1
1
1
1
1
1
1
1
1
1
1
1
1
1
1
1
1
1
1
1
1
1
1
1
1
1
1
1
1
1
1
1
1
1
1
1
1
1
1
1
1
1
1
1
1
1
1
1
1
1
1
1
1
1
1
1
1
1
1
1
1
1
1
1
1
1
1
1
1
1
1
1
1
1
1
1
1
1
1
1
1
1
1
1
1
1
1
1
1
1
1
1
1
1
1
1
1
1
1
1
1
1
1
1
1
1
1
1
1
1
1
1
1
1
1
1
1
1
1
1
1
1
1
1
1
1
1
1
1
1
1
1
1
1
1
1
1
1
1
1
1
1
1
1
1
1
1
1
1
1
1
1
1
1
1
1
1
1
1
1
1
1
1
1
1
1
1
1
1
1
1
1
1
1
1
1
1
1
1
1
1
1
1
1
1
1
1
1
1
1
1
1
1
1
1
1
1
1
1
1
1
1
1
1
1
1
1
1
1
1
1
1
1
1
1
1
1
1
1
1
1
1
1
1
1
1
1
1
1
1
1
1
1
1
1
1
1
1
1
1
1
1
1
1
1
1
1
1
1
1
1
1
1
1
1
1
1
1
1
1
1
1
1
1
1
1
1
1
1
1
1
1
1
1
1
1
1
1
1
1
1
1
1
1
1
1
1
1
1
1
1
1
1
1
1
1
1
1
1
1
1
1
1
1
1
1
1
1
1
1
1
1
1
1
1
1
1
1
1
1
1
1
1
1
1
1
1
1
1
1
1
1
1
1
1
1
1
1
1
1
1
1
1
1
1
1
1
1
1
1
1
1
1
1
1
1
1
1
1
1
1
1
1
1
1
1
1
1
1
1
1
1
1
1
1
1
1
1
1
1
1
1
1
1
1
1
1
1
1
1
1
1
1
1
1
1
1
1
1
1
1
1
1
1
1
1
1
1
1
1
1
1
1
1
1
1
1
1
1
1
1
1
1
1
1
1
1
1
1
1
1
1
1
1
1
1
1
1
1
1
1
1
1
1
1
1
1
1
1
1
1
1
1
1
1
1
1
1
1
1
1
1
1
1
1
1
1
1
1
1
1
1
1
1
1
1
1
1
1
1
1
1
1
1
1
1
1
1
1
0
1
1
1
1
1
1
1
1
1
1
1
1
1
1
1
1
1
1
0
1
1
1
1
1
1
1
1
1
1
1
1
1
1
1
1
1
1
1
0
1
1
1
1
1
1
1
1
1
1
1
1
1
1
1
1
1
1
0
0
1
1
1
1
1
1
1
1
1
1
1
1
0
1
1
1
1
1
1
1
1
1
1
1
1
1
1
1
0
1
1
1
1
1
1
1
1
1
1
0
1
1
1
1
1
1
1
1
1
1
1
1
1
1
1
1
1
1
1
1
1
1
1
1
1
1
1
1
1
1
1
1
1
1
1
1
1
1
1
1
1
1
0
0
1
1
1
1
1
1
1
1
0
1
1
1
1
1
1
1
1
1
1
1
1
1
1
1
1
1
1
1
1
1
1
1
1
1
1
1
1
1
1
1
0
1
1
0
0
1
1
1
1
1
1
1
0
1
1
1
1
1
1
1
1
1
1
1
1
1
1
1
1
1
1
1
1
1
1
1
1
1
1
1
1
1
1
1
1
1
1
1
1
1
1
1
1
1
1
1
1
1
1
1
1
1
1
1
1
1
1
1
1
1
1
1
1
1
1
1
0
1
1
1
1
1
1
1
1
0
1
1
1
1
1
1
0
0
0
1
0
1
0
0
1
0
1
1
1
1
1
1
1
1
1
1
1
1
1
1
1
1
1
1
1
1
1
1
1
1
1
1
1
0
0
0
0
1
1
1
1
1
1
1
1
0
1
1
1
1
1
1
1
1
1
1
1
1
1
1
1
0
1
1
1
1
1
1
1
1
1
1
1
1
1
1
1
1
1
1
1
1
1
1
1
1
1
1
1
1
1
1
1
1
1
1
1
1
1
1
1
1
1
1
1
1
1
1
0
1
1
1
1
1
0
1
1
1
0
1
1
1
1
1
1
1
1
1
1
1
1
1
1
1
1
1
1
1
1
1
1
0
0
1
1
1
1
1
1
1
1
1
1
1
1
1
1
1
1
1
1
1
1
1
1
1
1
1
1
1
1
1
0
1
1
0
0
1
1
1
0
1
1
1
1
1
1
1
1
1
1
1
1
1
1
1
1
1
1
1
1
1
1
1
1
1
1
0
1
1
1
1
1
1
1
1
1
1
0
0
1
1
1
1
1
1
1
1
1
1
1
1
1
1
1
1
1
1
1
1
1
1
1
1
1
1
1
1
1
1
1
1
0
1
0
0
0
0
1
1
0
1
1
1
1
1
0
0
0
1
0
1
1
1
1
1
1
1
1
1
1
1
1
1
1
1
1
1
1
1
1
0
0
1
1
1
1
0
0
0
0
1
0
0
1
1
1
1
0
1
0
1
1
1
1
1
1
1
1
1
1
1
1
1
1
1
1
1
1
1
1
0
0
0
1
0
1
0
1
0
1
1
1
1
0
1
1
0
1
1
1
1
1
1
1
1
1
1
1
1
1
1
1
1
1
1
1
0
1
1
1
1
1
1
1
1
1
1
1
1
1
1
1
1
1
1
1
1
1
1
1
0
0
1
1
1
1
1
1
1
1
1
1
1
1
1
1
1
1
1
1
1
1
1
1
1
1
1
1
1
1
1
1
1
1
1
1
1
1
1
1
1
1
1
1
0
0
0
1
1
1
0
0
0
0
0
0
0
0
0
0
0
1
0
1
1
1
1
0
1
1
1
1
1
1
1
1
0
1
1
1
1
1
1
1
1
1
1
1
1
1
1
1
1
0
1
1
1
1
1
1
1
1
1
1
1
1
1
1
1
1
1
1
1
1
1
1
1
1
1
1
1
1
1
1
1
1
1
1
1
1
1
0
1
1
0
1
1
1
1
1
1
1
1
1
1
1
1
1
1
1
1
1
1
1
1
0
1
0
1
1
1
1
0
1
1
1
1
1
1
1
0
1
1
1
0
0
0
1
1
0
0
1
1
0
1
0
1
0
1
0
0
0
0
1
0
1
0
1
1
1
0
1
1
1
1
1
1
1
0
1
0
1
1
0
1
1
1
1
1
1
1
1
1
1
1
1
1
1
1
1
1
1
1
1
1
1
1
1
1
1
1
1
1
1
1
1
1
1
1
1
1
1
1
1
1
1
1
1
1
1
1
1
1
1
1
1
1
1
1
1
1
1
1
1
1
1
1
1
1
1
1
1
1
1
1
1
1
1
1
1
1
1
1
1
1
1
1
1
1
1
1
1
1
1
1
1
1
1
1
1
1
1
1
1
1
1
0
2
106300123456
90210123456
125330123456
80070123456
164530123456
60150123456
106280123456
90190123456
125310123456
80080123456
164540123456
60160123456
106270123456
90180123456
125300123456
80090123456
164550123456
60170123456
106250123456
90160123456
125280123456
80100123456
164560123456
60180123456
106290123456
90200123456
125320123456
80110123456
164570123456
60190123456
106260123456
90170123456
125290123456
80120123456
164580123456
60200123456
106310123456
90220123456
125340123456
8013123456
164590123456
60210123456
204380123456
106320123456
90230123456
125350123456
80140123456
164600123456
60220123456
204390123456
106330123456
90240123456
125360123456
80150123456
164610123456
60230123456
204400123456
106340123456
90250123456
125370123456
80160123456
164620123456
60240123456
204410123456
116060123456
106090123456
90020123456
135010123456
125200123456
204230123456
173020123456
164390123456
116080123456
106110123456
90030123456
135020123456
125210123456
204240123456
173030123456
164400123456
116100123456
106130123456
90050123456
135030123456
125220123456
204250123456
173040123456
164410123456
116120123456
106150123456
90070123456
135040123456
125230123456
204260123456
173050123456
164420123456
116140123456
106170123456
90090123456
135050123456
125240123456
204270123456
173060123456
164430123456
116160123456
106190123456
90110123456
135060123456
125250123456
204280123456
173160123456
164630123456
116180123456
106210123456
90130123456
135070123456
125260123456
204290123456
173170123456
164640123456
203930123456
203940123456
203950123456
203960123456
203970123456
203980123456
204000123456
204010123456
204020123456
204030123456
204070123456
204080123456
105610123456
143420123456
105620123456
143430123456
105630123456
143440123456
105640123456
144980123456
322070123456
322030123456
322090123456
322050123456
322100123456
322060123456
322080123456
322040123456
321950123456
321960123456
321970123456
321980123456
321990123456
322010123456
322000123456
322020123456
322400123456
204350123456
172350123456
163020123456
115790123456
115800123456
105790123456
105800123456
106010123456
106020123456
134970123456
125070123456
125160123456
173140123456
164450123456
60130123456
115810123456
115820123456
105810123456
105820123456
106030123456
106040123456
134980123456
125080123456
125170123456
173150123456
164520123456
60140123456
115730123456
115740123456
105730123456
105740123456
105930123456
105940123456
134940123456
125040123456
125110123456
173110123456
164440123456
60100123456
115710123456
115720123456
105710123456
105720123456
105960123456
105950123456
134930123456
125030123456
125120123456
173100123456
164490123456
60090123456
115750123456
115760123456
105750123456
105760123456
105990123456
106000123456
134950123456
125050123456
125150123456
173080123456
164470123456
60060123456
115770123456
115780123456
105770123456
105780123456
105970123456
105980123456
134960123456
125060123456
125140123456
173090123456
164480123456
60080123456
115830123456
115840123456
105830123456
105840123456
106050123456
106060123456
134990123456
125090123456
125180123456
173130123456
164510123456
60120123456
115850123456
115860123456
105850123456
105860123456
106070123456
106080123456
135000123456
1251001123456
125190123456
173120123456
164500123456
60110123456
115440123456
115450123456
105340123456
105350123456
132890123456
124770123456
172730123456
164130123456
115420123456
115430123456
105320123456
105330123456
132880123456
124760123456
172740123456
164140123456
115490123456
115480123456
105380123456
105390123456
134800123456
124790123456
172720123456
164120123456
115460123456
115470123456
105360123456
105370123456
134790123456
124780123456
172790123456
164180123456
115500123456
115510123456
105400123456
105410123456
134810123456
125020123456
172760123456
164150123456
115530123456
115540123456
105420123456
105430123456
134820123456
124800123456
172780123456
164170123456
113550123456
113540123456
104710123456
104700123456
132690123456
124550123456
172770123456
164160123456
113580123456
113560123456
104730123456
104720123456
132700123456
124560123456
172800123456
164190123456
104380123456
116240123456
116230123456
106380123456
106370123456
90270123456
135110123456
125390123456
80170123456
116220123456
11621012356
106360123456
106350123456
90260123456
135100123456
125380123456
80180123456
104370123456
115650123456
105670123456
115550123456
105440123456
204090123456
115590123456
105480123456
204110123456
115630123456
105520123456
204130123456
115570123456
105460123456
204100123456
115610123456
105500123456
204120123456
322390123456
322350123456
322310123456
204340123456
322360123456
322320123456
322280123456
204310123456
322380123456
322340123456
322300123456
204330123456
322370123456
322330123456
322290123456
204320123456
203630123456
321680123456
321700123456
321580123456
321590123456
290310123456
301660123456
283280123456
290320123456
301670123456
283230123456
290290123456
301640123456
283270123456
290280123456
301630123456
283260123456
290330123456
301680123456
283290123456
290300123456
301650123456
28330012345
290260123456
301610123456
283240123456
290500123456
302000123456
283970123456
290490123456
301990123456
283960123456
290340123456
301690123456
283220123456
290270123456
301620123456
283250123456
283400123456
290400123456
301780123456
301840123456
283370123456
290370123456
301720123456
301850123456
203360123456
290360123456
301710123456
301800123456
283410123456
290410123456
301750123456
301860123456
283420123456
290420123456
301760123456
301870123456
283380123456
290380123456
301730123456
301820123456
283390123456
290390123456
301770123456
301830123456
283350123456
290350123456
301700123456
301790123456
284050123456
284060123456
301440123456
290430123456
301930123456
283870123456
290440123456
301940123456
283880123456
290450123456
301950123456
283890123456
290460123456
301960123456
283900123456
290470123456
301970123456
283910123456
290480123456
301980123456
283920123456
283690123456
283700123456
283710123456
283990123456
283720123456
283730123456
283740123456
284000123456
283750123456
283760123456
283770123456
284010123456
283780123456
283790123456
283800123456
284020123456
283810123456
283820123456
283830123456
284030123456
283840123456
283850123456
283860123456
284040123456
330270123456
330280123456
330290123456
330300123456
322190123456
322220123456
322230123456
113050123456
113000123456
113040123456
115330123456
115270123456
115280123456
115290123456
282420123456
282430123456
115250123456
115300123456
115340123456
115320123456
282450123456
282440123456
115350123456
282460123456
282470123456
115360123456
282480123456
282490123456
112990123456
281900123456
115370123456
283450123456
283460123456
283440123456
283430123456
283490123456
283500123456
283340123456
283330123456
283510123456
283520123456
281850123456
281870123456
282370123456
282170123456
282390123456
282050123456
322270123456
322260123456
322250123456
322240123456
152770123456
152780123456
152970123456
152960123456
152950123456
321790123456
321920123456
321910123456
321940123456
322110123456
322120123456
322130123456
322140123456
322150123456
322160123456
322170123456
115680123456
159300123456
134900123456
173070123456
115700123456
115940123456
134920123456
173180123456
115670123456
115920123456
134890123456
173190123456
115690123456
115950123456
134910123456
173200123456
283590123456
283600123456
283610123456
283620123456
283630123456
283640123456
283530123456
283540123456
283550123456
283560123456
283570123456
283580123456
282930123456
282940123456
282950123456
282960123456
282970123456
283000123456
283010123456
283020123456
283650123456
283670123456
283660123456
501530123456
501540123456
501510123456
501520123456
501550123456
501560123456
501680123456
501370123456
501420123456
501570123456
501580123456
501590123456
501600123456
501610123456
501620123456
501630123456
501640123456
501690123456
501700123456
501150123456
501180123456
501200123456
501210123456
501170123456
261970123456
250840123456
262010123456
261960123456
250830123456
262000123456
261980123456
250850123456
262020123456
261950123456
250820123456
261990123456
262060123456
250890123456
262100123456
262040123456
250870123456
262080123456
262030123456
250860123456
26207012456
26205123456
25088123456
262090123456
240830123456
0
ANAMONH
ANAMONH
ANAMONH
ANAMONH
ANAMONH
ANAMONH
ANAMONH
ANAMONH
ANAMONH
ANAMONH
ANAMONH
ANAMONH
ANAMONH
ANAMONH
ANAMONH
ANAMONH
ANAMONH
ANAMONH
ANAMONH
ANAMONH
ANAMONH
ANAMONH
ANAMONH
ANAMONH
ANAMONH
ANAMONH
ANAMONH
ANAMONH
ANAMONH
ANAMONH
ANAMONH
ANAMONH
ANAMONH
ANAMONH
ANAMONH
ANAMONH
ANAMONH
ANAMONH
ANAMONH
ANAMONH
ANAMONH
ANAMONH
ANAMONH
ANAMONH
ANAMONH
ANAMONH
ANAMONH
ANAMONH
ANAMONH
ANAMONH
ANAMONH
ANAMONH
ANAMONH
ANAMONH
ANAMONH
ANAMONH
ANAMONH
ANAMONH
ANAMONH
ANAMONH
ANAMONH
ANAMONH
ANAMONH
ANAMONH
ΔΙΑΘΕΣΙΜΟ
ΔΙΑΘΕΣΙΜΟ
ANAMONH
ΔΙΑΘΕΣΙΜΟ
ΔΙΑΘΕΣΙΜΟ
ΔΙΑΘΕΣΙΜΟ
ΔΙΑΘΕΣΙΜΟ
ΔΙΑΘΕΣΙΜΟ
ANAMONH
ANAMONH
ΔΙΑΘΕΣΙΜΟ
ANAMONH
ANAMONH
ANAMONH
ANAMONH
ANAMONH
ANAMONH
ΔΙΑΘΕΣΙΜΟ
ΔΙΑΘΕΣΙΜΟ
ANAMONH
ΔΙΑΘΕΣΙΜΟ
ΔΙΑΘΕΣΙΜΟ
ANAMONH
ΔΙΑΘΕΣΙΜΟ
ANAMONH
ΔΙΑΘΕΣΙΜΟ
ΔΙΑΘΕΣΙΜΟ
ANAMONH
ANAMONH
ANAMONH
ANAMONH
ANAMONH
ANAMONH
ΔΙΑΘΕΣΙΜΟ
ΔΙΑΘΕΣΙΜΟ
ANAMONH
ΔΙΑΘΕΣΙΜΟ
ΔΙΑΘΕΣΙΜΟ
ANAMONH
ΔΙΑΘΕΣΙΜΟ
ANAMONH
ANAMONH
ANAMONH
ANAMONH
ANAMONH
ΔΙΑΘΕΣΙΜΟ
ANAMONH
ANAMONH
ΔΙΑΘΕΣΙΜΟ
ΔΙΑΘΕΣΙΜΟ
ΔΙΑΘΕΣΙΜΟ
ΔΙΑΘΕΣΙΜΟ
ΔΙΑΘΕΣΙΜΟ
ΔΙΑΘΕΣΙΜΟ
ΔΙΑΘΕΣΙΜΟ
ΔΙΑΘΕΣΙΜΟ
ΔΙΑΘΕΣΙΜΟ
ΔΙΑΘΕΣΙΜΟ
ΔΙΑΘΕΣΙΜΟ
ΔΙΑΘΕΣΙΜΟ
ΔΙΑΘΕΣΙΜΟ
ΔΙΑΘΕΣΙΜΟ
ΔΙΑΘΕΣΙΜΟ
ΔΙΑΘΕΣΙΜΟ
ΔΙΑΘΕΣΙΜΟ
ΔΙΑΘΕΣΙΜΟ
ΔΙΑΘΕΣΙΜΟ
ΔΙΑΘΕΣΙΜΟ
ΔΙΑΘΕΣΙΜΟ
ΔΙΑΘΕΣΙΜΟ
ΔΙΑΘΕΣΙΜΟ
ΔΙΑΘΕΣΙΜΟ
ΔΙΑΘΕΣΙΜΟ
ΔΙΑΘΕΣΙΜΟ
ΔΙΑΘΕΣΙΜΟ
ΔΙΑΘΕΣΙΜΟ
ΔΙΑΘΕΣΙΜΟ
ΔΙΑΘΕΣΙΜΟ
ΔΙΑΘΕΣΙΜΟ
ΔΙΑΘΕΣΙΜΟ
ΔΙΑΘΕΣΙΜΟ
ΔΙΑΘΕΣΙΜΟ
ΔΙΑΘΕΣΙΜΟ
ΕΞΑΝΤΛΗΘΗΚΕ
ΔΙΑΘΕΣΙΜΟ
ΔΙΑΘΕΣΙΜΟ
ΔΙΑΘΕΣΙΜΟ
ΔΙΑΘΕΣΙΜΟ
ΔΙΑΘΕΣΙΜΟ
ΕΞΑΝΤΛΗΘΗΚΕ
ΔΙΑΘΕΣΙΜΟ
ΔΙΑΘΕΣΙΜΟ
ΔΙΑΘΕΣΙΜΟ
ΔΙΑΘΕΣΙΜΟ
ΔΙΑΘΕΣΙΜΟ
ΔΙΑΘΕΣΙΜΟ
ΔΙΑΘΕΣΙΜΟ
ΔΙΑΘΕΣΙΜΟ
ΔΙΑΘΕΣΙΜΟ
ΔΙΑΘΕΣΙΜΟ
ΔΙΑΘΕΣΙΜΟ
ΔΙΑΘΕΣΙΜΟ
ΔΙΑΘΕΣΙΜΟ
ΔΙΑΘΕΣΙΜΟ
ΔΙΑΘΕΣΙΜΟ
ΔΙΑΘΕΣΙΜΟ
ΔΙΑΘΕΣΙΜΟ
ΔΙΑΘΕΣΙΜΟ
ΔΙΑΘΕΣΙΜΟ
ΔΙΑΘΕΣΙΜΟ
ΔΙΑΘΕΣΙΜΟ
ΔΙΑΘΕΣΙΜΟ
ΔΙΑΘΕΣΙΜΟ
ΔΙΑΘΕΣΙΜΟ
ΔΙΑΘΕΣΙΜΟ
ΔΙΑΘΕΣΙΜΟ
ΔΙΑΘΕΣΙΜΟ
ΔΙΑΘΕΣΙΜΟ
ΔΙΑΘΕΣΙΜΟ
ΔΙΑΘΕΣΙΜΟ
ΔΙΑΘΕΣΙΜΟ
ΔΙΑΘΕΣΙΜΟ
ΕΞΑΝΤΛΗΘΗΚΕ 
ΔΙΑΘΕΣΙΜΟ
ΔΙΑΘΕΣΙΜΟ
ΔΙΑΘΕΣΙΜΟ
ΔΙΑΘΕΣΙΜΟ
ΔΙΑΘΕΣΙΜΟ
ΔΙΑΘΕΣΙΜΟ
ΔΙΑΘΕΣΙΜΟ
ΕΞΑΝΤΛΗΘΗΚΕ 
ΔΙΑΘΕΣΙΜΟ
ΔΙΑΘΕΣΙΜΟ
ΔΙΑΘΕΣΙΜΟ
ΔΙΑΘΕΣΙΜΟ
ΔΙΑΘΕΣΙΜΟ
ΕΞΑΝΤΛΗΘΗΚΕ 
ΔΙΑΘΕΣΙΜΟ
ΔΙΑΘΕΣΙΜΟ
ΔΙΑΘΕΣΙΜΟ
ΕΞΑΝΤΛΗΘΗΚΕ 
ΔΙΑΘΕΣΙΜΟ
ΔΙΑΘΕΣΙΜΟ
ΕΞΑΝΤΛΗΘΗΚΕ 
ΔΙΑΘΕΣΙΜΟ
ΔΙΑΘΕΣΙΜΟ
ΔΙΑΘΕΣΙΜΟ
ΔΙΑΘΕΣΙΜΟ
ΔΙΑΘΕΣΙΜΟ
ΔΙΑΘΕΣΙΜΟ
ΔΙΑΘΕΣΙΜΟ
ΔΙΑΘΕΣΙΜΟ
ΔΙΑΘΕΣΙΜΟ
ΔΙΑΘΕΣΙΜΟ
ΔΙΑΘΕΣΙΜΟ
ΔΙΑΘΕΣΙΜΟ
ΕΞΑΝΤΛΗΘΗΚΕ
ΔΙΑΘΕΣΙΜΟ
ΔΙΑΘΕΣΙΜΟ
ΔΙΑΘΕΣΙΜΟ
ΔΙΑΘΕΣΙΜΟ
ΔΙΑΘΕΣΙΜΟ
ΔΙΑΘΕΣΙΜΟ
ΔΙΑΘΕΣΙΜΟ
ΔΙΑΘΕΣΙΜΟ
ΕΞΑΝΤΛΗΘΗΚΕ
ΔΙΑΘΕΣΙΜΟ
ΔΙΑΘΕΣΙΜΟ
ΔΙΑΘΕΣΙΜΟ
ΔΙΑΘΕΣΙΜΟ
ΔΙΑΘΕΣΙΜΟ
ΔΙΑΘΕΣΙΜΟ
ΔΙΑΘΕΣΙΜΟ
ΔΙΑΘΕΣΙΜΟ
ΔΙΑΘΕΣΙΜΟ
ΔΙΑΘΕΣΙΜΟ
ΔΙΑΘΕΣΙΜΟ
ΔΙΑΘΕΣΙΜΟ
ΔΙΑΘΕΣΙΜΟ
ΔΙΑΘΕΣΙΜΟ
ΔΙΑΘΕΣΙΜΟ
ΔΙΑΘΕΣΙΜΟ
ΔΙΑΘΕΣΙΜΟ
ΔΙΑΘΕΣΙΜΟ
ΔΙΑΘΕΣΙΜΟ
ΔΙΑΘΕΣΙΜΟ
ΔΙΑΘΕΣΙΜΟ
ΔΙΑΘΕΣΙΜΟ
ΔΙΑΘΕΣΙΜΟ
ΔΙΑΘΕΣΙΜΟ
ΔΙΑΘΕΣΙΜΟ
ΔΙΑΘΕΣΙΜΟ
ΔΙΑΘΕΣΙΜΟ
ΔΙΑΘΕΣΙΜΟ
ΔΙΑΘΕΣΙΜΟ
ΔΙΑΘΕΣΙΜΟ
ΔΙΑΘΕΣΙΜΟ
ΔΙΑΘΕΣΙΜΟ
ΔΙΑΘΕΣΙΜΟ
ΔΙΑΘΕΣΙΜΟ
ΔΙΑΘΕΣΙΜΟ
ΔΙΑΘΕΣΙΜΟ
ΔΙΑΘΕΣΙΜΟ
ΔΙΑΘΕΣΙΜΟ
ΔΙΑΘΕΣΙΜΟ
ΔΙΑΘΕΣΙΜΟ
ΔΙΑΘΕΣΙΜΟ
ΔΙΑΘΕΣΙΜΟ
ΔΙΑΘΕΣΙΜΟ
ΔΙΑΘΕΣΙΜΟ
ΔΙΑΘΕΣΙΜΟ
ΔΙΑΘΕΣΙΜΟ
ΔΙΑΘΕΣΙΜΟ
ΔΙΑΘΕΣΙΜΟ
ΔΙΑΘΕΣΙΜΟ
ΔΙΑΘΕΣΙΜΟ
ΕΞΑΝΤΛΗΘΗΚΕ
ΔΙΑΘΕΣΙΜΟ
ΔΙΑΘΕΣΙΜΟ
ΔΙΑΘΕΣΙΜΟ
ΕΞΑΝΤΛΗΘΗΚΕ
ΔΙΑΘΕΣΙΜΟ
ΕΞΑΝΤΛΗΘΗΚΕ
ΔΙΑΘΕΣΙΜΟ
ΔΙΑΘΕΣΙΜΟ
ΔΙΑΘΕΣΙΜΟ
ΔΙΑΘΕΣΙΜΟ
ΔΙΑΘΕΣΙΜΟ
ΔΙΑΘΕΣΙΜΟ
ΔΙΑΘΕΣΙΜΟ
ΔΙΑΘΕΣΙΜΟ
ΔΙΑΘΕΣΙΜΟ
ΔΙΑΘΕΣΙΜΟ
ΔΙΑΘΕΣΙΜΟ
ΔΙΑΘΕΣΙΜΟ
ΔΙΑΘΕΣΙΜΟ
ΔΙΑΘΕΣΙΜΟ
ΔΙΑΘΕΣΙΜΟ
ΔΙΑΘΕΣΙΜΟ
ΔΙΑΘΕΣΙΜΟ
ΔΙΑΘΕΣΙΜΟ
ΔΙΑΘΕΣΙΜΟ
ΔΙΑΘΕΣΙΜΟ
ΔΙΑΘΕΣΙΜΟ
ΔΙΑΘΕΣΙΜΟ
ΔΙΑΘΕΣΙΜΟ
ΔΙΑΘΕΣΙΜΟ
ΔΙΑΘΕΣΙΜΟ
ΔΙΑΘΕΣΙΜΟ
ΔΙΑΘΕΣΙΜΟ
ΔΙΑΘΕΣΙΜΟ
ΔΙΑΘΕΣΙΜΟ
ΔΙΑΘΕΣΙΜΟ
ΔΙΑΘΕΣΙΜΟ
ΔΙΑΘΕΣΙΜΟ
ΔΙΑΘΕΣΙΜΟ
ΔΙΑΘΕΣΙΜΟ
ANAMONH
ANAMONH
ANAMONH
ANAMONH
ANAMONH
ANAMONH
ANAMONH
ANAMONH
ANAMONH
ANAMONH
ANAMONH
ANAMONH
ANAMONH
ANAMONH
ANAMONH
ANAMONH
ΔΙΑΘΕΣΙΜΟ
ΔΙΑΘΕΣΙΜΟ
ΔΙΑΘΕΣΙΜΟ
ΔΙΑΘΕΣΙΜΟ
ΔΙΑΘΕΣΙΜΟ
ΔΙΑΘΕΣΙΜΟ
ΔΙΑΘΕΣΙΜΟ
ΔΙΑΘΕΣΙΜΟ
ΔΙΑΘΕΣΙΜΟ
ΔΙΑΘΕΣΙΜΟ
ΔΙΑΘΕΣΙΜΟ
ΔΙΑΘΕΣΙΜΟ
ΕΞΑΝΤΛΗΘΗΚΕ
ΔΙΑΘΕΣΙΜΟ
ΔΙΑΘΕΣΙΜΟ
ΔΙΑΘΕΣΙΜΟ
ΔΙΑΘΕΣΙΜΟ
ΔΙΑΘΕΣΙΜΟ
ΔΙΑΘΕΣΙΜΟ
ΔΙΑΘΕΣΙΜΟ
ΔΙΑΘΕΣΙΜΟ
ΕΞΑΝΤΛΗΘΗΚΕ
ΔΙΑΘΕΣΙΜΟ
ΔΙΑΘΕΣΙΜΟ
ΔΙΑΘΕΣΙΜΟ
ΕΞΑΝΤΛΗΘΗΚΕ
ΔΙΑΘΕΣΙΜΟ
ΔΙΑΘΕΣΙΜΟ
ΔΙΑΘΕΣΙΜΟ
ΕΞΑΝΤΛΗΘΗΚΕ
ΔΙΑΘΕΣΙΜΟ
ΕΞΑΝΤΛΗΘΗΚΕ
ΕΞΑΝΤΛΗΘΗΚΕ
ΕΞΑΝΤΛΗΘΗΚΕ
ΔΙΑΘΕΣΙΜΟ
ΔΙΑΘΕΣΙΜΟ
ΔΙΑΘΕΣΙΜΟ
ΔΙΑΘΕΣΙΜΟ
ΔΙΑΘΕΣΙΜΟ
ΔΙΑΘΕΣΙΜΟ
ANAMONH
ANAMONH
ΔΙΑΘΕΣΙΜΟ
ANAMONH
ANAMONH
ΔΙΑΘΕΣΙΜΟ
ANAMONH
ANAMONH
ΔΙΑΘΕΣΙΜΟ
ANAMONH
ANAMONH
ΔΙΑΘΕΣΙΜΟ
ΔΙΑΘΕΣΙΜΟ
ANAMONH
ΔΙΑΘΕΣΙΜΟ
ANAMONH
ANAMONH
ΔΙΑΘΕΣΙΜΟ
ANAMONH
ANAMONH
ANAMONH
ANAMONH
ANAMONH
ANAMONH
ANAMONH
ANAMONH
ΔΙΑΘΕΣΙΜΟ
ANAMONH
ANAMONH
ΔΙΑΘΕΣΙΜΟ
ANAMONH
ANAMONH
ΔΙΑΘΕΣΙΜΟ
ΔΙΑΘΕΣΙΜΟ
ΔΙΑΘΕΣΙΜΟ
ΔΙΑΘΕΣΙΜΟ
ΔΙΑΘΕΣΙΜΟ
ΔΙΑΘΕΣΙΜΟ
ΔΙΑΘΕΣΙΜΟ
ΔΙΑΘΕΣΙΜΟ
ΔΙΑΘΕΣΙΜΟ
ΔΙΑΘΕΣΙΜΟ
ΔΙΑΘΕΣΙΜΟ
ΔΙΑΘΕΣΙΜΟ
ΔΙΑΘΕΣΙΜΟ
ΔΙΑΘΕΣΙΜΟ
ΔΙΑΘΕΣΙΜΟ
ΔΙΑΘΕΣΙΜΟ
ΔΙΑΘΕΣΙΜΟ
ΔΙΑΘΕΣΙΜΟ
ΔΙΑΘΕΣΙΜΟ
ΔΙΑΘΕΣΙΜΟ
ΔΙΑΘΕΣΙΜΟ
ΔΙΑΘΕΣΙΜΟ
ΔΙΑΘΕΣΙΜΟ
ΔΙΑΘΕΣΙΜΟ
ΔΙΑΘΕΣΙΜΟ
ΔΙΑΘΕΣΙΜΟ
ΔΙΑΘΕΣΙΜΟ
ΔΙΑΘΕΣΙΜΟ
ΔΙΑΘΕΣΙΜΟ
ΔΙΑΘΕΣΙΜΟ
ΔΙΑΘΕΣΙΜΟ
ΔΙΑΘΕΣΙΜΟ
ANAMONH
ANAMONH
ΔΙΑΘΕΣΙΜΟ
ANAMONH
ANAMONH
ANAMONH
ANAMONH
ANAMONH
ANAMONH
ANAMONH
ANAMONH
ANAMONH
ANAMONH
ANAMONH
ANAMONH
ANAMONH
ANAMONH
ANAMONH
ANAMONH
ANAMONH
ANAMONH
ANAMONH
ANAMONH
ANAMONH
ANAMONH
ANAMONH
ANAMONH
ANAMONH
ANAMONH
ANAMONH
ANAMONH
ANAMONH
ANAMONH
ANAMONH
ANAMONH
ANAMONH
ANAMONH
ANAMONH
ANAMONH
ANAMONH
ANAMONH
ANAMONH
ANAMONH
ANAMONH
ANAMONH
ΔΙΑΘΕΣΙΜΟ
ΧΑΜΗΛΗ ΔΙΑΘΕΣΙΜΟΤΗΤΑ
ΧΑΜΗΛΗ ΔΙΑΘΕΣΙΜΟΤΗΤΑ
ΕΞΑΝΤΛΗΘΗΚΕ
ΔΙΑΘΕΣΙΜΟ
ΔΙΑΘΕΣΙΜΟ
ΔΙΑΘΕΣΙΜΟ
ΔΙΑΘΕΣΙΜΟ
ΔΙΑΘΕΣΙΜΟ
ΔΙΑΘΕΣΙΜΟ
ΔΙΑΘΕΣΙΜΟ
ΔΙΑΘΕΣΙΜΟ
ΔΙΑΘΕΣΙΜΟ
ΔΙΑΘΕΣΙΜΟ
ΔΙΑΘΕΣΙΜΟ
ΕΞΑΝΤΛΗΘΗΚΕ 
ΔΙΑΘΕΣΙΜΟ
ΔΙΑΘΕΣΙΜΟ
ΔΙΑΘΕΣΙΜΟ
ΔΙΑΘΕΣΙΜΟ
ΔΙΑΘΕΣΙΜΟ
ΕΞΑΝΤΛΗΘΗΚΕ 
ΕΞΑΝΤΛΗΘΗΚΕ 
ΔΙΑΘΕΣΙΜΟ
ΕΞΑΝΤΛΗΘΗΚΕ
ΕΞΑΝΤΛΗΘΗΚΕ
ΔΙΑΘΕΣΙΜΟ
ΕΞΑΝΤΛΗΘΗΚΕ
ΔΙΑΘΕΣΙΜΟ
ΔΙΑΘΕΣΙΜΟ
ΔΙΑΘΕΣΙΜΟ
ΔΙΑΘΕΣΙΜΟ
ΔΙΑΘΕΣΙΜΟ
ΔΙΑΘΕΣΙΜΟ
ΔΙΑΘΕΣΙΜΟ
ΔΙΑΘΕΣΙΜΟ
ΔΙΑΘΕΣΙΜΟ
ΔΙΑΘΕΣΙΜΟ
ΔΙΑΘΕΣΙΜΟ
ΔΙΑΘΕΣΙΜΟ
ΔΙΑΘΕΣΙΜΟ
ΕΞΑΝΤΛΗΘΗΚΕ
ΔΙΑΘΕΣΙΜΟ
ΔΙΑΘΕΣΙΜΟ
ΔΙΑΘΕΣΙΜΟ
ΕΞΑΝΤΛΗΘΗΚΕ
ΕΞΑΝΤΛΗΘΗΚΕ
ΔΙΑΘΕΣΙΜΟ
ΔΙΑΘΕΣΙΜΟ
ΔΙΑΘΕΣΙΜΟ
ΔΙΑΘΕΣΙΜΟ
ΔΙΑΘΕΣΙΜΟ
ΔΙΑΘΕΣΙΜΟ
ΔΙΑΘΕΣΙΜΟ
ΔΙΑΘΕΣΙΜΟ
ΔΙΑΘΕΣΙΜΟ
ΕΞΑΝΤΛΗΘΗΚΕ
ΔΙΑΘΕΣΙΜΟ
ΔΙΑΘΕΣΙΜΟ
ΔΙΑΘΕΣΙΜΟ
ΔΙΑΘΕΣΙΜΟ
ΔΙΑΘΕΣΙΜΟ
ΔΙΑΘΕΣΙΜΟ
ΔΙΑΘΕΣΙΜΟ
ΔΙΑΘΕΣΙΜΟ
ΔΙΑΘΕΣΙΜΟ
ΔΙΑΘΕΣΙΜΟ
ΔΙΑΘΕΣΙΜΟ
ΔΙΑΘΕΣΙΜΟ
ΔΙΑΘΕΣΙΜΟ
ΔΙΑΘΕΣΙΜΟ
ΔΙΑΘΕΣΙΜΟ
ΕΞΑΝΤΛΗΘΗΚΕ
ΔΙΑΘΕΣΙΜΟ
ΧΑΜΗΛΗ ΔΙΑΘΕΣΙΜΟΤΗΤΑ
ΔΙΑΘΕΣΙΜΟ
ΕΞΑΝΤΛΗΘΗΚΕ
ΔΙΑΘΕΣΙΜΟ
ΕΞΑΝΤΛΗΘΗΚΕ
ΔΙΑΘΕΣΙΜΟ
ΕΞΑΝΤΛΗΘΗΚΕ
ΔΙΑΘΕΣΙΜΟ
ΕΞΑΝΤΛΗΘΗΚΕ
ΔΙΑΘΕΣΙΜΟ
ΔΙΑΘΕΣΙΜΟ
ΔΙΑΘΕΣΙΜΟ
ΔΙΑΘΕΣΙΜΟ
ΔΙΑΘΕΣΙΜΟ
ΔΙΑΘΕΣΙΜΟ
ΔΙΑΘΕΣΙΜΟ
ΔΙΑΘΕΣΙΜΟ
ΕΞΑΝΤΛΗΘΗΚΕ
ΔΙΑΘΕΣΙΜΟ
ΕΞΑΝΤΛΗΘΗΚΕ
ΔΙΑΘΕΣΙΜΟ
ΕΞΑΝΤΛΗΘΗΚΕ
ΔΙΑΘΕΣΙΜΟ
ΧΑΜΗΛΗ ΔΙΑΘΕΣΙΜΟΤΗΤΑ
ΔΙΑΘΕΣΙΜΟ
ΔΙΑΘΕΣΙΜΟ
ΔΙΑΘΕΣΙΜΟ
ΕΞΑΝΤΛΗΘΗΚΕ
ΧΑΜΗΛΗ ΔΙΑΘΕΣΙΜΟΤΗΤΑ
ΔΙΑΘΕΣΙΜΟ
ΔΙΑΘΕΣΙΜΟ
ΔΙΑΘΕΣΙΜΟ
ΔΙΑΘΕΣΙΜΟ
ΔΙΑΘΕΣΙΜΟ
ΔΙΑΘΕΣΙΜΟ
ΔΙΑΘΕΣΙΜΟ
ΔΙΑΘΕΣΙΜΟ
ΔΙΑΘΕΣΙΜΟ
ΕΞΑΝΤΛΗΘΗΚΕ
ΕΞΑΝΤΛΗΘΗΚΕ
ΧΑΜΗΛΗ ΔΙΑΘΕΣΙΜΟΤΗΤΑ
ΔΙΑΘΕΣΙΜΟ
ΔΙΑΘΕΣΙΜΟ
ΔΙΑΘΕΣΙΜΟ
ΔΙΑΘΕΣΙΜΟ
ΔΙΑΘΕΣΙΜΟ
ΔΙΑΘΕΣΙΜΟ
ΔΙΑΘΕΣΙΜΟ
ΔΙΑΘΕΣΙΜΟ
ΕΞΑΝΤΛΗΘΗΚΕ
ΔΙΑΘΕΣΙΜΟ
ΔΙΑΘΕΣΙΜΟ
ΔΙΑΘΕΣΙΜΟ
ΔΙΑΘΕΣΙΜΟ
ΔΙΑΘΕΣΙΜΟ
ΔΙΑΘΕΣΙΜΟ
ANAMONH
ANAMONH
ANAMONH
ANAMONH
ANAMONH
ANAMONH
ANAMONH
ANAMONH
ANAMONH
ANAMONH
ANAMONH
ANAMONH
ANAMONH
ANAMONH
ANAMONH
ANAMONH
ANAMONH
ANAMONH
ANAMONH
ANAMONH
ANAMONH
ANAMONH
ANAMONH
ANAMONH
ΔΙΑΘΕΣΙΜΟ
0