give site product codes and stop with '0':
give current site state (0/1) and stop with '2':
give new product codes and stop with '0':
give new state and stop with '0':
-----------------------------------


changed state (16):

-----------------------------------
124470123456
283030123456
163890123456
283710123456
104560123456
261970123456
284030123456
262030123456
164130123456
262060123456
26205123456
105340123456
283040123456
261990123456
26207012456
250820123456
-----------------------------------


new products (222):

-----------------------------------
501150123456
204030123456
163630123456
163020123456
105740123456
80140123456
321590123456
113550123456
301980123456
283280123456
60210123456
290440123456
204230123456
203960123456
501640123456
301440123456
302000123456
105330123456
125390123456
204070123456
115510123456
115890123456
115280123456
322130123456
115800123456
105780123456
501550123456
106340123456
322190123456
301640123456
80150123456
322260123456
112400123456
301930123456
283230123456
282960123456
290480123456
115480123456
113120123456
125050123456
105980123456
105370123456
283070123456
322390123456
283970123456
204020123456
115840123456
501210123456
106000123456
321580123456
143110123456
163910123456
115300123456
105800123456
283270123456
322210123456
321940123456
106130123456
105860123456
290430123456
283560123456
135110123456
501630123456
115430123456
501180123456
290500123456
125380123456
115270123456
283920123456
322120123456
106040123456
172350123456
115340123456
113200123456
113580123456
90250123456
143440123456
301630123456
125200123456
322250123456
283220123456
60240123456
301690123456
115470123456
283890123456
283900123456
173040123456
104710123456
283670123456
283060123456
115760123456
115540123456
322380123456
283960123456
113170123456
204390123456
116100123456
105430123456
90230123456
501200123456
105720123456
301890123456
301900123456
301670123456
80180123456
135030123456
283870123456
301960123456
283260123456
173020123456
322200123456
164390123456
203940123456
135100123456
125080123456
134900123456
283910123456
282290123456
322110123456
105760123456
135010123456
106320123456
322170123456
163110123456
106090123456
143430123456
301620123456
321680123456
90020123456
152950123456
501590123456
501600123456
144980123456
322240123456
301910123456
290460123456
283590123456
204250123456
203980123456
322310123456
283880123456
142910123456
104700123456
124760123456
283660123456
105350123456
28330012345
164410123456
152250123456
8013123456
322370123456
204000123456
322150123456
204380123456
283120123456
115820123456
90220123456
501570123456
283410123456
284060123456
301880123456
301660123456
80170123456
322280123456
301950123456
283250123456
321920123456
105840123456
321700123456
203930123456
125070123456
501610123456
116060123456
105390123456
124710123456
283610123456
115860123456
115250123456
106020123456
112390123456
115320123456
106310123456
322160123456
106080123456
105820123456
143420123456
301610123456
301990123456
172390123456
322230123456
60220123456
203970123456
115450123456
322300123456
105950123456
283650123456
115740123456
204080123456
115290123456
322360123456
322140123456
105410123456
113540123456
106060123456
284050123456
105250123456
301650123456
90050123456
80160123456
125220123456
322270123456
301940123456
283240123456
203630123456
290490123456
321910123456
283530123456
105610123456
104730123456
124790123456
283080123456
115780123456
-----------------------------------


list of new states with respect to current product codes from site

-----------------------------------
1
1
1
1
1
1
1
1
1
1
1
1
1
1
1
1
1
1
1
1
1
1
1
1
1
1
1
1
1
1
1
1
1
1
1
1
1
1
1
1
1
1
1
1
1
1
1
1
1
1
1
1
1
1
1
1
1
1
1
1
1
1
1
1
1
1
1
1
1
1
1
1
1
1
1
1
1
1
1
1
1
1
1
1
1
1
1
1
1
1
1
1
1
1
1
1
1
1
1
1
1
1
1
1
1
1
1
1
1
1
1
1
1
1
1
1
1
1
1
1
1
1
1
1
1
1
1
1
1
1
1
1
1
1
1
1
1
1
1
1
1
1
1
1
1
1
1
1
1
1
1
1
1
1
1
1
1
1
1
1
1
1
1
1
1
1
1
1
1
1
1
1
1
1
1
1
1
1
1
1
1
1
1
1
1
1
1
1
1
1
1
1
1
1
1
1
1
1
1
1
1
1
1
1
1
1
1
1
1
1
1
1
1
1
1
1
1
1
1
1
1
1
1
1
1
1
1
1
1
1
1
1
1
1
1
1
1
1
1
1
1
1
1
1
1
1
1
1
1
1
1
1
1
1
1
1
1
1
1
1
1
1
1
1
1
1
1
1
1
1
1
1
1
1
1
1
1
1
1
1
1
1
1
1
1
1
1
1
1
1
1
1
1
1
1
1
1
1
1
1
1
1
1
1
1
1
1
1
1
1
1
1
1
1
1
1
1
1
1
0
0
1
1
1
1
1
1
1
1
1
1
1
1
1
1
1
1
1
1
1
1
1
1
1
1
1
1
1
1
1
1
1
1
1
1
1
1
1
1
1
1
1
1
1
1
1
1
1
1
1
1
1
1
1
1
1
1
1
1
1
1
1
1
1
1
1
1
1
1
1
1
1
1
1
1
1
1
1
1
1
1
1
1
1
1
1
1
1
1
1
1
1
1
1
1
1
1
1
1
1
1
1
1
1
1
1
1
1
1
1
1
1
1
1
1
1
1
1
1
1
1
1
1
1
1
1
1
1
1
1
1
1
1
1
1
1
1
1
1
1
1
1
1
1
1
1
1
1
1
1
1
1
1
1
1
1
1
1
1
1
1
1
1
1
1
1
1
1
1
1
1
1
1
1
1
1
1
1
1
1
1
1
1
1
1
1
1
1
1
1
1
1
1
1
1
1
1
1
1
1
1
1
1
1
1
1
1
1
1
1
1
1
1
1
1
1
1
1
1
1
1
1
1
1
1
1
1
1
1
1
1
1
1
1
1
1
1
1
1
1
1
1
1
1
1
1
1
1
1
1
1
1
1
1
1
1
1
1
1
1
1
1
1
1
1
1
1
1
1
1
1
1
1
1
1
1
1
1
1
1
1
1
1
1
1
1
1
1
1
1
1
1
1
1
1
1
1
1
1
1
1
1
1
1
1
1
1
1
1
1
1
1
1
1
1
1
1
1
1
1
1
1
1
1
1
1
1
1
1
1
1
1
1
1
1
1
1
1
1
1
1
1
1
1
1
1
1
1
1
1
1
1
1
1
1
1
1
1
1
1
1
1
1
1
1
1
1
1
1
1
1
1
1
1
1
1
1
1
1
1
1
1
1
1
1
1
1
1
1
1
1
1
1
1
1
1
1
1
1
1
1
1
1
1
1
1
1
1
1
1
1
1
1
1
1
1
1
1
1
1
1
1
1
1
1
1
1
1
1
1
1
1
1
1
1
1
1
1
1
1
1
1
1
1
1
1
1
1
1
1
1
1
1
1
1
1
1
1
1
1
1
1
1
1
1
1
1
1
1
1
1
1
1
1
1
1
1
1
1
1
1
1
1
1
1
1
1
1
1
1
1
1
1
1
1
1
1
1
1
1
1
1
1
1
1
1
1
1
1
1
1
1
1
1
1
1
1
1
1
1
1
1
1
1
1
1
1
1
1
1
1
1
1
1
1
1
1
1
1
1
1
1
1
1
1
1
1
1
1
1
1
1
1
1
1
1
1
1
1
1
1
1
1
1
1
1
1
1
1
1
1
1
1
1
1
1
1
1
1
1
1
1
0
1
1
0
1
1
1
1
1
1
1
1
1
1
1
1
1
0
0
1
1
1
1
1
1
1
1
1
1
1
1
0
1
1
1
1
1
1
1
1
1
1
1
1
1
1
1
1
1
1
1
1
1
1
1
1
1
1
1
1
1
1
1
1
1
1
1
1
1
1
1
1
1
1
1
1
1
1
1
1
1
1
1
1
1
1
1
1
1
1
1
1
1
1
1
1
1
0
1
1
1
1
1
1
1
1
1
1
1
1
1
1
1
1
1
1
1
1
1
1
1
1
1
1
1
1
1
1
1
1
1
1
1
1
1
1
1
1
1
1
1
1
1
1
1
1
1
1
1
1
1
1
1
1
1
1
1
1
1
1
1
1
1
1
1
1
1
1
1
1
1
1
1
1
1
1
1
1
1
1
1
1
1
1
1
1
1
1
1
1
1
1
1
1
1
1
1
1
1
1
1
1
1
1
1
1
1
1
1
1
1
1
1
1
1
1
1
1
1
1
1
1
1
1
1
1
1
1
1
1
1
1
1
1
1
1
1
1
1
1
1
1
1
1
1
1
1
1
1
1
1
1
1
1
1
1
1
1
1
1
1
1
1
1
1
1
1
1
1
1
1
1
1
1
1
1
1
0
1
1
1
1
1
1
1
1
1
1
1
1
1
1
1
1
1
1
1
1
1
1
1
1
1
0
0
1
1
1
0
0
0
0
0
0
0
0
0
1
0
0
0
0
0
0
0
0
0
0
0
0
0
0
0
0
0
0
0
0
0
0
0
0
0
0
0
0
0
0
1
0
0
0
0
0
0
0
0
1
1
1
1
1
1
1
1
1
1
1
1
1
1
0
0
1
0
0
0
0
0
0
1
1
1
1
1
1
1
1
1
1
1
1
1
1
1
1
1
1
1
1
1
1
1
1
1
1
1
1
1
1
1
1
1
0
1
1
1
1
1
1
1
1
1
1
1
1
1
1
1
1
1
1
1
1
1
1
1
1
1
1
1
1
1
1
1
1
1
1
1
1
1
1
1
1
1
1
1
1
1
1
1
1
1
1
1
1
1
1
1
1
1
1
1
1
1
1
1
1
1
1
1
1
1
1
1
1
1
1
1
1
1
1
1
1
1
1
1
1
1
1
1
1
1
1
1
1
1
1
1
1
1
1
1
1
1
1
1
1
1
1
1
1
1
1
1
1
1
1
1
1
1
1
1
1
1
1
1
1
1
1
1
1
1
1
1
1
1
1
1
1
1
1
1
1
1
1
1
1
1
1
1
1
1
1
1
1
1
1
1
1
1
1
1
1
1
1
1
1
1
1
1
1
1
1
1
1
1
1
1
1
1
1
1
1
1
1
1
1
1
1
1
1
1
1
1
1
1
1
1
1
1
1
1
1
1
1
1
1
1
1
1
1
1
1
1
1
1
1
1
1
1
1
1
1
1
1
1
1
1
1
1
1
1
1
1
1
1
1
1
1
1
1
1
1
1
1
1
1
1
1
1
1
1
1
1
1
1
1
1
1
1
1
1
1
1
1
1
1
1
1
1
1
1
1
1
1
1
1
1
1
1
1
1
1
1
1
1
1
1
1
1
1
1
1
1
1
1
1
1
1
1
1
1
1
1
1
1
1
1
1
1
1
1
1
1
1
1
1
1
1
1
1
1
1
1
1
1
1
1
1
1
1
1
1
1
1
1
1
1
1
1
1
1
1
1
1
1
1
1
1
1
1
1
1
1
1
1
1
1
1
1
1
1
1
1
1
1
1
1
1
1
1
1
1
1
1
1
1
1
1
1
1
1
1
1
1
1
1
1
1
1
1
1
1
1
1
1
1
1
1
1
1
1
1
1
1
1
1
1
1
1
1
1
1
1
1
1
1
1
1
1
1
1
1
1
1
1
1
1
1
1
1
1
1
1
1
1
1
1
1
1
1
1
1
1
1
1
1
1
1
1
1
1
1
1
1
1
1
1
1
1
1
1
1
1
1
1
1
1
1
1
1
1
1
1
1
1
1
1
1
1
1
1
1
1
1
1
1
1
1
1
1
1
1
1
1
1
1
1
1
1
1
1
1
1
1
1
1
1
1
1
1
1
1
1
1
1
1
1
1
1
1
1
1
1
1
1
1
1
1
1
1
1
1
1
1
1
1
1
1
1
1
1
1
1
1
1
1
1
1
1
1
1
1
1
1
1
1
1
1
1
1
1
1
1
1
1
1
1
1
1
1
1
1
1
1
1
1
1
1
0
1
1
1
1
1
1
1
1
1
1
1
1
1
1
1
1
1
1
1
1
1
1
1
1
1
1
1
1
1
1
1
1
1
1
1
1
1
1
1
1
1
1
1
1
1
1
1
1
1
1
1
1
1
1
1
1
1
0
1
1
1
1
1
1
1
1
1
1
1
1
1
1
1
1
1
1
1
1
1
1
1
1
1
1
1
1
1
1
1
1
1
1
1
1
1
1
1
1
1
1
1
1
1
1
1
1
1
1
1
1
1
1
0
0
1
1
1
1
1
1
0
1
0
0
1
1
1
0
1
1
1
0
1
1
0
1
1
1
0
1
1
1
1
1
0
0
1
1
1
0
0
1
1
0
1
0
1
0
0
1
0
1
1
1
1
1
1
1
1
0
0
0
1
1
1
1
0
1
1
1
1
0
0
0
0
1
1
1
1
0
0
1
1
1
0
0
1
1
1
1
1
1
1
1
1
1
0
1
1
0
0
1
1
0
1
1
1
1
0
1
1
1
0
1
1
1
1
1
1
0
1
1
1
1
1
1
1
1
0
1
1
0
0
1
0
1
0
1
1
0
1
1
1
1
0
0
1
1
1
0
0
1
1
1
1
0
1
0
1
0
1
1
1
1
0
1
0
1
1
1
1
1
0
0
1
1
1
1
0
1
0
0
0
1
0
1
1
1
1
0
0
1
1
0
0
1
1
0
1
1
0
0
1
1
1
1
1
0
1
0
1
1
1
1
0
1
1
0
1
1
1
1
1
1
1
1
1
1
0
1
1
1
1
1
1
0
1
1
1
1
1
1
1
1
0
1
1
1
1
0
0
1
1
0
0
1
1
1
1
1
1
0
0
1
1
1
1
1
1
1
0
0
1
1
0
0
1
1
1
0
0
0
1
1
1
1
1
1
1
1
1
1
1
1
1
1
1
1
1
1
0
1
0
0
1
1
1
0
1
1
1
0
1
0
1
1
1
1
1
0
1
1
1
1
1
1
1
1
1
1
1
1
1
1
1
1
1
1
1
1
1
1
1
1
1
1
1
1
1
1
1
1
1
1
1
1
1
1
1
1
0
1
1
0
1
1
1
1
1
1
1
1
0
0
0
1
1
1
1
1
1
0
1
1
1
0
1
1
1
1
1
1
1
1
1
1
1
1
1
1
1
1
1
1
1
1
1
1
1
1
1
1
1
1
1
0
0
0
1
0
0
0
0
1
1
0
1
1
1
1
1
1
1
0
0
0
0
1
0
1
0
0
0
0
1
1
1
1
1
1
0
1
1
1
1
1
0
1
1
0
1
1
1
1
1
1
0
1
1
1
1
0
1
1
1
1
1
1
1
0
0
1
0
1
1
0
1
1
1
0
0
0
0
1
1
0
1
1
1
1
1
1
1
1
1
1
1
1
1
1
1
0
1
1
1
1
1
1
1
1
1
1
0
0
0
0
0
1
1
0
1
0
1
1
0
1
1
1
1
1
1
1
1
1
1
1
0
1
0
0
0
0
0
0
1
1
1
1
1
1
1
1
1
1
1
1
1
1
1
1
0
1
1
0
1
1
1
1
0
1
0
0
0
0
1
0
1
0
1
1
0
1
1
1
1
1
1
1
1
1
1
1
1
1
1
1
1
1
1
1
1
1
1
1
1
0
1
1
1
0
1
1
0
1
1
1
1
1
1
1
1
1
1
1
0
0
1
0
1
1
1
1
1
0
0
0
0
0
0
1
1
1
1
0
0
1
0
1
1
1
0
0
1
0
1
0
1
1
0
0
1
1
1
1
0
0
1
1
1
1
0
0
0
0
0
1
1
0
0
0
0
1
1
1
1
1
1
1
1
1
0
1
1
1
1
1
0
0
1
1
1
1
1
1
1
1
1
1
0
0
0
1
0
0
0
1
1
1
1
1
1
0
1
1
1
1
1
1
1
1
1
1
1
1
1
1
1
1
0
1
0
1
1
0
1
0
1
1
1
1
1
1
1
1
1
0
0
0
0
0
1
1
0
1
0
1
0
1
0
1
0
0
0
1
1
1
1
1
0
0
0
1
1
1
1
1
1
1
1
0
1
1
0
1
1
1
1
1
1
1
1
1
1
1
1
1
1
1
1
0
0
1
0
0
0
0
1
1
1
1
0
1
1
1
1
0
0
0
0
0
0
0
1
1
1
1
1
1
1
1
1
1
1
1
0
1
0
0
0
0
0
0
0
0
0
1
1
1
0
1
1
0
0
0
1
0
1
1
1
1
0
1
1
1
1
1
0
0
0
0
0
1
0
1
0
1
0
1
0
1
1
0
0
1
0
0
1
1
1
1
1
0
1
0
1
1
1
1
1
1
1
1
1
0
1
1
1
1
1
1
1
1
0
1
1
0
1
1
1
1
1
1
1
0
1
1
1
1
1
0
1
1
0
1
1
1
1
1
1
1
1
1
1
1
1
1
1
1
1
1
0
0
1
0
0
1
1
1
1
1
1
1
0
1
1
1
1
1
1
1
0
1
1
1
0
1
0
0
1
1
1
1
1
1
1
1
1
0
0
1
1
1
1
1
1
1
1
1
1
1
1
1
1
1
1
0
0
1
0
1
0
0
1
1
1
0
0
1
1
1
1
1
1
1
1
1
1
1
1
1
1
1
1
1
1
1
1
1
1
1
1
1
1
1
1
1
1
1
1
1
1
1
1
1
1
1
1
1
1
1
1
1
1
1
1
1
1
1
1
1
1
1
1
1
1
1
1
1
1
1
1
1
1
1
1
1
1
1
1
1
1
1
1
1
1
1
1
1
1
1
1
1
1
1
1
1
1
1
1
1
1
1
1
1
1
1
'-1
1
1
1
'-1
1
'-1
1
1
'-1
1
'-1
1
'-1
1
'-1
1
'-1
1
'-1
1
1
'-1
1
1
1
1
1
'-1
1
'-1
1
1
'-1
1
1
'-1
1
1
1
1
1
1
'-1
1
'-1
1
1
'-1
1
'-1
1
'-1
1
1
1
1
1
1
1
'-1
1
'-1
1
'-1
1
1
'-1
1
1
'-1
1
1
'-1
1
'-1
1
1
1
1
'-1
1
'-1
1
1
'-1
1
'-1
1
'-1
1
'-1
1
'-1
1
'-1
1
'-1
1
1
'-1
1
'-1
1
1
1
'-1
1
'-1
1
1
1
1
1
1
1
1
1
1
1
'-1
1
1
1
1
1
1
1
1
1
1
'-1
1
'-1
1
1
'-1
1
'-1
1
1
'-1
1
1
1
1
'-1
1
1
1
1
'-1
1
1
'-1
'-1
1
1
1
1
'-1
'-1
1
1
1
1
'-1
1
'-1
1
1
1
1
'-1
1
'-1
'-1
1
'-1
1
1
1
1
1
1
1
1
1
1
1
1
1
1
1
1
1
'-1
1
1
'-1
1
'-1
1
'-1
1
'-1
1
'-1
1
'-1
1
'-1
1
'-1
1
'-1
1
'-1
1
1
'-1
1
1
1
1
'-1
1
1
1
1
1
1
1
1
1
1
'-1
1
'-1
1
'-1
1
'-1
1
'-1
1
'-1
1
'-1
1
'-1
1
'-1
1
1
1
'-1
1
1
1
'-1
1
1
'-1
1
'-1
1
1
'-1
1
1
'-1
1
'-1
1
'-1
1
'-1
1
'-1
1
'-1
1
'-1
1
'-1
1
'-1
1
'-1
1
'-1
1
'-1
1
'-1
1
1
1
1
1
'-1
1
1
1
'-1
1
1
1
'-1
1
'-1
1
'-1
1
1
1
1
1
1
1
1
1
1
1
1
1
1
1
1
1
1
1
1
1
1
1
1
1
'-1
1
1
1
1
1
1
1
1
1
1
1
1
1
1
1
1
1
1
1
1
1
1
1
1
1
1
1
1
1
1
1
1
1
1
1
1
1
1
1
1
1
1
1
1
1
1
1
1
1
1
1
1
1
1
1
1
1
1
1
1
'-1
1
'-1
1
1
'-1
1
'-1
1
'-1
1
'-1
1
1
1
1
1
'-1
1
1
1
1
1
'-1
1
'-1
1
1
1
1
1
1
'-1
1
'-1
1
'-1
1
'-1
1
'-1
1
1
1
1
1
1
1
1
1
1
'-1
1
1
1
1
1
'-1
1
1
1
'-1
1
1
'-1
1
1
1
1
1
1
'-1
1
'-1
1
'-1
1
'-1
1
'-1
1
'-1
1
1
1
'-1
1
'-1
1
1
1
'-1
1
'-1
1
'-1
1
'-1
1
1
1
'-1
1
'-1
1
'-1
1
'-1
1
'-1
1
'-1
1
'-1
1
'-1
1
'-1
1
'-1
1
'-1
1
'-1
1
'-1
1
'-1
1
'-1
1
'-1
1
'-1
1
1
1
1
'-1
1
1
1
1
'-1
1
1
'-1
1
1
1
'-1
1
1
1
1
'-1
1
'-1
1
'-1
1
'-1
1
1
'-1
1
'-1
1
'-1
1
'-1
1
'-1
1
'-1
1
'-1
1
1
1
1
'-1
1
1
'-1
1
1
1
1
1
1
'-1
1
'-1
1
1
'-1
1
1
1
1
1
1
1
1
1
1
'-1
1
1
1
1
1
1
1
1
1
'-1
1
1
1
1
1
1
'-1
1
1
1
1
1
1
1
1
1
1
1
1
1
1
1
'-1
1
'-1
1
1
1
1
1
1
1
1
1
1
1
1
'-1
1
1
1
1
1
1
1
1
1
1
'-1
1
'-1
1
'-1
1
'-1
1
'-1
1
1
'-1
1
1
1
1
1
1
1
1
'-1
1
1
1
'-1
1
'-1
1
1
'-1
1
'-1
1
'-1
1
'-1
1
'-1
1
1
'-1
1
1
1
1
1
'-1
1
'-1
1
'-1
1
'-1
1
1
1
1
1
1
1
1
1
1
1
1
1
1
1
1
1
1
1
1
1
1
1
1
1
1
1
1
1
1
1
'-1
1
'-1
1
'-1
1
1
'-1
'-1
1
1
1
'-1
1
1
'-1
1
1
'-1
1
'-1
1
'-1
1
'-1
1
'-1
1
1
'-1
1
1
'-1
1
1
'-1
1
'-1
1
1
'-1
1
1
'-1
1
1
'-1
1
'-1
1
1
1
1
'-1
1
1
1
1
'-1
1
'-1
1
1
'-1
1
1
'-1
1
'-1
1
'-1
1
'-1
1
1
1
1
1
'-1
1
'-1
'-1
1
'-1
1
'-1
1
'-1
1
'-1
'-1
1
'-1
1
'-1
1
'-1
1
1
1
'-1
1
1
'-1
1
1
'-1
1
1
1
1
1
1
1
1
1
1
1
1
1
1
1
1
1
'-1
1
1
1
1
1
1
1
1
1
1
1
1
1
1
'-1
1
1
1
1
1
1
1
1
1
1
1
1
1
1
1
1
1
1
1
1
1
1
'-1
1
1
1
1
1
1
1
1
1
1
1
1
1
1
1
'-1
1
1
'-1
1
'-1
1
'-1
1
'-1
1
'-1
1
'-1
1
'-1
1
'-1
1
'-1
1
'-1
1
'-1
1
1
'-1
1
1
1
1
1
1
1
1
'-1
1
1
'-1
1
1
1
1
1
1
1
'-1
1
1
'-1
1
1
'-1
1
1
1
'-1
1
1
'-1
1
'-1
1
'-1
1
'-1
1
'-1
1
1
'-1
1
'-1
1
'-1
1
'-1
1
1
1
1
1
1
1
1
1
'-1
1
'-1
1
'-1
1
'-1
1
1
1
'-1
1
'-1
1
'-1
1
'-1
1
1
1
1
1
1
1
1
1
1
1
1
1
1
'-1
1
'-1
1
'-1
1
'-1
1
'-1
1
'-1
1
'-1
1
1
'-1
'-1
1
'-1
1
1
'-1
1
'-1
1
1
'-1
1
1
'-1
1
'-1
1
'-1
1
1
'-1
1
1
1
1
1
1
1
1
1
1
1
'-1
1
1
1
1
1
1
'-1
1
1
1
'-1
1
'-1
1
1
'-1
1
'-1
1
'-1
1
'-1
1
'-1
1
'-1
1
1
'-1
1
'-1
1
1
'-1
1
'-1
1
1
1
1
'-1
1
1
'-1
1
'-1
1
'-1
1
'-1
1
'-1
1
'-1
1
1
1
'-1
1
'-1
1
'-1
1
1
1
'-1
1
1
1
'-1
1
'-1
1
'-1
1
'-1
1
1
'-1
1
1
1
1
1
'-1
1
'-1
1
'-1
1
1
'-1
1
'-1
1
1
'-1
1
1
1
1
1
1
1
'-1
1
1
1
'-1
1
'-1
1
1
1
1
1
1
'-1
1
1
'-1
1
1
1
'-1
1
'-1
1
'-1
1
'-1
1
'-1
1
'-1
1
'-1
1
1
'-1
1
'-1
1
1
1
'-1
1
'-1
1
'-1
1
1
'-1
1
'-1
1
1
1
1
1
1
1
1
1
1
1
1
1
1
'-1
1
1
1
1
1
'-1
1
1
1
1
1
1
1
1
'-1
1
1
1
1
1
1
'-1
1
'-1
1
'-1
1
'-1
1
1
1
'-1
1
1
'-1
1
'-1
1
'-1
1
'-1
1
'-1
1
1
1
1
1
'-1
1
'-1
1
'-1
1
'-1
1
'-1
1
'-1
1
'-1
1
'-1
1
'-1
1
'-1
1
'-1
1
'-1
1
'-1
'-1
1
'-1
'-1
1
'-1
'-1
1
'-1
'-1
1
'-1
1
'-1
1
'-1
1
'-1
1
1
'-1
1
'-1
1
'-1
1
'-1
1
'-1
1
'-1
1
1
1
1
'-1
1
1
1
1
'-1
1
'-1
1
'-1
1
'-1
1
'-1
1
'-1
1
1
'-1
1
'-1
1
1
1
1
'-1
1
'-1
1
'-1
1
'-1
1
'-1
1
'-1
1
'-1
1
'-1
1
'-1
1
'-1
1
'-1
1
'-1
1
'-1
1
1
'-1
1
1
1
'-1
1
1
'-1
1
1
'-1
1
'-1
1
'-1
1
'-1
1
'-1
1
'-1
1
1
'-1
1
'-1
1
'-1
1
'-1
1
'-1
1
1
'-1
1
'-1
1
'-1
1
1
1
1
1
1
'-1
1
'-1
1
1
'-1
1
'-1
1
1
'-1
1
'-1
1
1
'-1
1
1
1
'-1
1
'-1
1
'-1
1
1
'-1
1
'-1
1
'-1
1
'-1
1
'-1
1
'-1
1
1
'-1
1
1
'-1
1
'-1
1
1
1
'-1
1
1
'-1
1
'-1
1
'-1
1
'-1
1
1
'-1
1
1
'-1
1
1
1
1
'-1
1
'-1
1
1
'-1
1
1
1
'-1
1
1
1
1
1
'-1
1
1
'-1
1
'-1
1
'-1
1
1
'-1
1
'-1
1
'-1
1
'-1
1
'-1
1
1
'-1
1
'-1
1
'-1
1
'-1
1
'-1
1
'-1
1
'-1
1
'-1
1
1
'-1
1
'-1
1
'-1
1
'-1
1
1
'-1
1
1
'-1
1
'-1
1
1
1
'-1
1
'-1
1
'-1
1
'-1
1
1
1
1
1
'-1
1
1
1
1
1
'-1
1
'-1
1
'-1
1
1
1
'-1
1
1
'-1
1
'-1
1
'-1
1
1
'-1
1
'-1
1
'-1
1
'-1
1
1
1
'-1
1
'-1
1
'-1
1
'-1
1
'-1
1
'-1
1
1
1
1
'-1
1
1
1
'-1
1
'-1
1
'-1
1
'-1
1
1
'-1
1
'-1
1
'-1
1
1
1
'-1
1
1
1
1
1
1
'-1
1
1
'-1
1
1
1
1
'-1
1
'-1
1
'-1
1
'-1
1
1
'-1
1
'-1
1
1
'-1
1
'-1
1
1
1
1
'-1
1
'-1
1
'-1
1
'-1
1
'-1
1
1
'-1
1
1
1
'-1
1
'-1
1
1
1
1
'-1
1
'-1
1
'-1
1
'-1
1
'-1
1
1
'-1
1
'-1
1
1
1
1
1
1
'-1
1
1
'-1
1
'-1
1
'-1
1
'-1
1
'-1
1
1
'-1
1
'-1
1
1
'-1
1
1
1
1
1
'-1
1
1
'-1
1
1
1
1
1
'-1
1
'-1
1
1
1
1
1
1
1
1
1
1
1
'-1
1
1
1
1
1
1
1
1
'-1
1
1
'-1
1
1
1
'-1
1
1
'-1
1
'-1
1
'-1
1
1
1
'-1
1
1
1
1
1
1
'-1
1
1
1
'-1
1
'-1
1
'-1
1
1
'-1
1
1
'-1
1
1
'-1
1
1
1
1
1
1
'-1
1
'-1
1
'-1
1
'-1
1
1
'-1
1
'-1
1
1
1
1
1
1
'-1
1
'-1
'-1
1
1
'-1
1
'-1
'-1
'-1
1
'-1
'-1
'-1
1
'-1
1
'-1
1
'-1
1
1
'-1
'-1
1
'-1
1
'-1
'-1
1
1
1
1
1
1
'-1
1
1
1
1
1
1
'-1
1
'-1
1
1
1
1
1
'-1
1
1
'-1
'-1
'-1
1
1
'-1
1
'-1
'-1
1
'-1
1
1
1
1
'-1
1
1
'-1
1
'-1
'-1
1
1
1
1
1
1
1
1
1
1
1
1
1
1
1
1
'-1
1
1
1
'-1
1
1
1
1
'-1
1
1
1
1
'-1
1
'-1
1
1
1
1
1
1
1
1
1
1
1
1
'-1
1
'-1
1
'-1
1
'-1
1
1
1
1
1
'-1
1
'-1
1
'-1
1
'-1
1
'-1
1
'-1
1
1
1
1
'-1
1
'-1
1
'-1
1
'-1
1
1
'-1
1
'-1
1
1
1
1
'-1
1
'-1
1
'-1
1
'-1
1
'-1
1
'-1
1
'-1
1
'-1
1
'-1
1
1
'-1
1
'-1
1
'-1
1
'-1
1
'-1
1
'-1
1
'-1
1
1
'-1
1
'-1
1
'-1
1
'-1
1
1
'-1
1
'-1
1
'-1
1
'-1
1
1
1
'-1
1
'-1
1
'-1
1
'-1
1
'-1
1
'-1
1
'-1
1
'-1
1
'-1
1
'-1
1
'-1
1
'-1
1
1
1
1
'-1
1
'-1
1
1
1
1
'-1
1
'-1
1
1
'-1
1
'-1
1
'-1
1
'-1
1
'-1
1
1
'-1
1
'-1
1
1
'-1
1
'-1
1
'-1
1
'-1
1
'-1
1
'-1
1
1
'-1
1
'-1
1
1
1
1
1
'-1
1
1
'-1
1
'-1
1
'-1
1
'-1
1
'-1
1
'-1
1
1
1
1
1
1
'-1
1
'-1
1
1
1
'-1
1
'-1
1
'-1
1
1
1
1
'-1
1
'-1
1
'-1
1
'-1
1
'-1
1
'-1
1
'-1
1
'-1
1
'-1
1
'-1
1
'-1
1
1
1
1
1
1
1
1
1
1
1
1
'-1
1
1
'-1
1
1
'-1
1
'-1
1
'-1
1
'-1
'-1
'-1
1
'-1
1
'-1
1
'-1
1
'-1
1
'-1
1
'-1
1
'-1
1
'-1
1
'-1
1
'-1
1
'-1
1
'-1
1
1
'-1
1
'-1
1
'-1
1
1
'-1
1
1
1
1
'-1
1
1
1
'-1
1
1
1
1
1
1
1
1
1
1
1
1
'-1
'-1
1
'-1
1
'-1
'-1
1
'-1
1
'-1
1
'-1
1
'-1
1
'-1
1
'-1
'-1
1
'-1
'-1
1
'-1
1
1
1
1
1
'-1
1
'-1
1
1
1
1
1
1
1
1
'-1
1
'-1
1
1
'-1
1
1
'-1
1
'-1
1
'-1
1
'-1
1
1
'-1
1
'-1
1
1
'-1
1
1
1
'-1
1
1
1
1
1
1
1
1
1
'-1
1
1
'-1
1
1
'-1
1
1
'-1
1
'-1
1
'-1
1
'-1
1
'-1
1
1
1
1
1
'-1
1
1
'-1
1
1
'-1
1
'-1
1
'-1
1
'-1
1
'-1
1
1
1
'-1
1
'-1
1
'-1
1
'-1
1
'-1
1
'-1
1
1
1
1
1
1
1
1
'-1
1
'-1
1
'-1
1
'-1
1
'-1
1
1
1
1
1
1
1
1
'-1
1
'-1
'-1
1
'-1
1
'-1
1
'-1
'-1
'-1
'-1
'-1
1
'-1
'-1
'-1
1
1
1
1
'-1
'-1
1
1
1
1
1
1
1
1
1
1
1
1
1
1
'-1
1
1
1
1
'-1
1
'-1
1
'-1
1
'-1
1
'-1
1
'-1
1
'-1
1
'-1
1
'-1
1
1
1
'-1
1
'-1
1
'-1
1
1
1
'-1
1
'-1
1
1
1
1
'-1
1
'-1
1
'-1
1
'-1
1
'-1
1
'-1
1
1
'-1
1
1
1
1
1
1
1
1
1
1
1
'-1
1
'-1
1
'-1
1
'-1
1
'-1
1
'-1
1
'-1
1
'-1
1
1
1
1
'-1
1
'-1
1
'-1
1
'-1
1
1
1
'-1
1
1
1
'-1
1
1
1
'-1
1
'-1
1
'-1
1
'-1
1
'-1
1
'-1
'-1
'-1
'-1
'-1
1
'-1
1
'-1
1
'-1
1
'-1
1
'-1
1
'-1
1
'-1
1
'-1
1
1
1
1
1
'-1
1
'-1
1
1
1
1
1
1
1
'-1
1
1
1
'-1
1
1
'-1
1
'-1
1
'-1
1
'-1
1
1
1
'-1
1
'-1
1
'-1
1
'-1
1
'-1
1
1
'-1
1
'-1
1
'-1
1
'-1
1
'-1
1
'-1
1
'-1
1
1
'-1
1
1
'-1
1
'-1
1
'-1
1
1
'-1
1
'-1
1
'-1
1
'-1
1
1
1
'-1
1
'-1
1
'-1
1
'-1
1
1
'-1
1
'-1
1
'-1
1
1
'-1
1
'-1
1
1
1
'-1
1
'-1
1
'-1
1
'-1
1
'-1
1
1
1
1
1
1
1
1
1
1
1
1
1
1
1
1
1
1
1
1
1
1
1
1
1
1
1
1
1
1
1
1
1
1
1
1
1
1
1
1
1
1
1
1
1
1
1
1
1
1
1
1
1
1
1
1
1
1
'-1
1
'-1
1
'-1
1
'-1
1
'-1
1
'-1
1
1
1
'-1
1
'-1
1
'-1
1
'-1
1
1
1
1
1
1
1
1
1
1
1
1
1
1
1
1
1
1
1
1
1
1
1
1
1
1
1
1
1
1
1
1
1
1
1
1
1
1
1
1
1
1
1
1
1
1
1
1
1
1
1
1
1
1
'-1
1
'-1
1
'-1
1
'-1
1
1
1
1
1
1
1
1
1
1
1
1
1
1
1
1
1
1
1
1
1
1
1
1
1
1
1
1
1
1
1
1
1
1
1
1
1
1
1
1
1
1
1
1
1
1
1
1
1
1
1
1
1
1
1
1
1
1
1
1
1
1
1
1
1
1
1
1
1
1
1
1
1
1
1
1
1
1
1
1
1
1
1
1
1
1
1
1
1
1
1
1
1
1
1
1
1
1
1
1
1
1
1
1
1
0
0
1
1
1
0
1
1
1
1
1
1
1
1
1
0
1
1
1
1
1
1
'-1
1
'-1
1
'-1
1
1
1
1
1
'-1
1
1
1
1
1
1
1
1
1
1
1
1
'-1
1
1
1
1
'-1
1
1
1
1
'-1
1
1
1
1
1
1
'-1
1
1
1
1
'-1
1
1
1
'-1
1
'-1
1
'-1
1
1
1
'-1
1
'-1
1
'-1
1
1
1
1
1
1
1
1
1
1
1
1
'-1
1
1
1
1
1
1
1
1
1
'-1
1
1
'-1
1
1
1
1
1
1
1
1
1
1
1
1
1
1
1
1
1
1
1
'-1
1
'-1
1
1
1
1
1
1
1
1
1
1
1
1
1
'-1
1
'-1
1
1
1
1
1
'-1
1
1
1
1
'-1
1
1
1
1
1
1
1
1
1
1
1
1
1
1
'-1
1
1
1
1
1
1
'-1
1
'-1
1
1
'-1
1
1
'-1
1
'-1
1
'-1
1
1
'-1
1
'-1
1
1
'-1
1
'-1
1
'-1
1
1
1
1
1
1
1
1
'-1
1
1
1
1
'-1
1
1
'-1
1
1
'-1
1
'-1
1
'-1
1
1
'-1
'-1
1
1
1
1
1
1
1
'-1
1
1
'-1
1
'-1
1
1
'-1
1
1
1
'-1
1
1
1
'-1
1
1
1
1
1
'-1
1
'-1
1
'-1
1
'-1
1
'-1
1
1
1
1
'-1
1
'-1
1
'-1
1
'-1
1
1
'-1
1
'-1
1
'-1
1
'-1
1
'-1
1
'-1
1
'-1
1
'-1
1
'-1
1
'-1
1
'-1
1
'-1
1
'-1
1
'-1
1
'-1
1
'-1
1
'-1
1
1
'-1
1
'-1
1
'-1
1
'-1
1
'-1
1
'-1
1
'-1
1
'-1
1
'-1
1
1
'-1
1
'-1
1
'-1
1
'-1
1
'-1
1
'-1
1
'-1
1
'-1
1
'-1
1
'-1
1
'-1
1
'-1
1
'-1
1
'-1
1
'-1
1
'-1
1
'-1
1
'-1
1
'-1
1
'-1
1
'-1
1
'-1
1
'-1
1
'-1
1
1
'-1
1
'-1
1
'-1
1
'-1
1
1
1
1
1
1
1
1
1
1
1
1
1
1
1
1
1
1
1
1
1
1
1
1
1
1
1
1
1
1
1
1
1
1
1
1
1
1
1
1
1
1
1
1
'-1
1
'-1
1
'-1
1
1
1
'-1
1
'-1
1
'-1
1
1
1
'-1
1
'-1
1
'-1
1
'-1
1
'-1
1
1
'-1
1
'-1
1
'-1
1
'-1
1
'-1
1
'-1
1
'-1
1
'-1
1
'-1
1
1
1
1
1
'-1
1
'-1
1
'-1
1
'-1
1
1
'-1
1
1
'-1
1
'-1
1
1
'-1
1
'-1
1
'-1
1
1
'-1
1
1
'-1
1
1
'-1
1
'-1
1
1
'-1
1
1
'-1
1
'-1
1
'-1
1
'-1
1
'-1
1
1
'-1
1
'-1
1
1
1
1
1
1
1
1
'-1
1
'-1
1
'-1
1
'-1
1
'-1
1
'-1
1
'-1
1
'-1
1
'-1
1
1
1
'-1
1
'-1
1
1
1
1
'-1
1
'-1
1
'-1
1
'-1
1
'-1
1
1
'-1
1
'-1
1
1
'-1
1
1
1
1
1
'-1
1
'-1
1
1
'-1
1
'-1
1
'-1
1
'-1
1
1
1
1
'-1
1
'-1
1
'-1
1
'-1
1
'-1
1
'-1
1
'-1
1
'-1
1
'-1
1
'-1
1
'-1
1
'-1
1
'-1
1
'-1
1
'-1
1
'-1
1
'-1
1
'-1
1
1
'-1
1
'-1
1
1
1
1
'-1
1
'-1
1
1
1
1
1
1
1
1
1
1
1
1
1
1
1
1
1
1
1
1
1
'-1
1
'-1
1
'-1
1
1
'-1
1
'-1
1
1
'-1
1
'-1
1
1
1
1
'-1
1
'-1
1
'-1
1
1
1
'-1
1
1
1
1
'-1
1
'-1
1
1
1
'-1
'-1
1
'-1
1
'-1
1
'-1
'-1
'-1
1
'-1
1
'-1
1
'-1
1
1
1
'-1
1
'-1
1
1
'-1
'-1
1
'-1
1
1
1
'-1
1
'-1
1
'-1
1
'-1
1
'-1
1
'-1
1
'-1
1
'-1
1
'-1
1
'-1
1
'-1
1
'-1
1
'-1
1
'-1
1
'-1
1
1
1
1
1
1
1
1
1
1
1
1
1
1
1
1
1
1
1
1
1
1
1
1
1
1
1
1
1
1
1
1
1
1
1
1
1
1
1
1
1
1
1
1
1
1
1
'-1
1
1
1
1
1
1
1
1
1
1
1
1
1
1
1
1
1
1
1
1
1
1
1
'-1
1
'-1
1
1
1
1
1
1
1
1
1
1
1
1
1
1
1
1
1
'-1
1
1
1
1
1
1
1
1
1
1
1
1
1
1
1
1
1
1
1
1
1
1
1
1
1
1
1
1
1
1
1
1
1
1
1
1
1
1
1
1
1
'-1
1
1
1
1
1
1
1
1
1
1
1
1
1
1
1
1
1
'-1
1
1
1
1
1
1
1
1
1
1
1
1
1
1
1
1
1
1
1
1
1
1
1
1
1
1
1
1
1
1
1
1
1
1
1
1
1
1
1
1
1
1
'-1
1
1
1
1
1
1
1
1
1
1
1
1
1
1
1
1
1
1
1
1
1
1
1
1
1
1
1
1
1
1
1
'-1
1
1
1
'-1
1
1
1
1
1
1
1
1
1
'-1
1
1
1
1
1
1
1
1
1
1
1
1
1
1
1
1
1
1
1
1
1
1
1
1
1
1
1
1
1
1
1
1
1
'-1
1
1
1
1
1
1
1
1
1
1
1
1
1
1
1
1
1
1
1
1
1
1
1
1
1
1
1
1
1
1
1
'-1
1
'-1
1
'-1
1
'-1
1
1
1
1
1
1
1
1
1
1
1
1
1
1
1
1
1
1
1
1
1
1
1
1
1
1
1
1
1
1
1
'-1
1
'-1
1
'-1
1
'-1
1
'-1
1
'-1
1
1
'-1
1
'-1
1
'-1
1
'-1
1
'-1
1
'-1
1
'-1
1
'-1
1
'-1
1
'-1
1
'-1
1
'-1
1
'-1
1
'-1
1
'-1
1
'-1
1
'-1
1
'-1
1
'-1
1
'-1
1
1
1
1
1
1
1
1
1
1
'-1
1
'-1
1
'-1
1
1
1
1
1
1
1
'-1
1
'-1
1
'-1
1
1
1
1
1
1
1
1
1
1
1
1
1
1
1
1
1
1
1
1
1
1
1
1
1
1
0
1
1
1
1
1
1
1
1
0
1
1
1
1
1
0
1
1
1
1
1
1
1
1
1
1
1
1
1
1
0
1
1
1
1
1
1
1
1
1
1
1
1
1
1
0
1
1
1
1
1
1
1
1
1
1
1
1
1
1
1
1
1
1
1
1
1
1
1
1
1
1
1
1
1
1
1
1
1
1
1
1
1
1
1
1
1
1
1
1
1
1
1
1
1
1
1
1
1
1
1
1
1
1
1
1
1
1
1
1
1
1
1
1
1
1
1
1
1
1
1
1
1
1
1
1
1
1
1
1
1
1
1
1
1
1
1
1
1
1
1
1
1
1
1
1
1
1
1
1
1
1
1
1
1
1
1
1
1
1
1
1
1
1
1
1
1
1
1
1
1
1
1
1
1
1
1
1
1
1
1
1
1
1
1
1
1
1
1
1
1
1
1
1
1
1
1
1
1
1
1
1
1
1
1
1
1
1
1
1
1
1
1
1
1
1
1
1
1
1
1
1
1
1
1
1
1
1
1
1
1
1
1
1
1
1
1
1
1
1
1
1
1
1
1
1
1
1
1
1
1
1
1
1
1
1
1
1
1
1
1
1
1
1
1
1
1
1
1
1
1
1
1
1
1
1
1
1
1
1
1
1
1
1
1
1
1
1
1
1
1
1
1
1
1
1
1
1
1
1
1
1
1
1
1
1
1
1
1
1
1
1
1
1
1
1
1
1
1
1
1
1
1
1
1
1
1
1
1
1
1
1
1
1
1
1
1
1
1
1
1
1
1
1
1
1
1
1
1
1
1
1
1
1
1
1
1
1
1
1
1
1
1
1
1
1
1
1
1
1
1
1
1
1
1
1
1
1
1
1
1
1
1
1
1
1
1
1
1
1
1
1
1
1
1
1
1
1
1
1
1
1
1
1
1
1
1
1
1
1
1
1
1
1
1
1
1
1
1
1
1
1
1
1
1
1
1
1
1
1
1
1
1
1
1
1
1
1
1
1
1
1
1
1
1
1
1
1
1
1
1
1
1
1
1
1
1
1
1
1
1
1
1
1
1
1
1
1
1
1
1
1
1
1
1
1
1
1
1
1
1
1
1
1
1
1
1
1
1
1
1
1
1
1
1
1
1
1
1
1
1
1
1
1
1
1
1
1
1
1
1
1
1
1
1
1
1
1
1
1
1
1
1
1
1
1
1
1
1
1
1
1
1
1
1
1
1
1
1
1
1
1
1
1
1
1
1
1
1
1
1
1
1
1
1
1
1
1
1
1
1
1
1
1
1
1
1
1
1
1
1
1
1
1
1
1
1
1
1
1
1
1
1
1
1
1
1
1
1
1
1
1
1
1
1
1
1
1
1
1
1
1
1
1
1
1
1
1
1
1
1
1
1
1
1
1
1
1
1
1
1
1
1
1
1
1
1
1
1
1
1
1
1
1
1
1
1
1
1
1
1
1
1
1
1
1
1
1
1
1
1
1
1
1
1
1
1
1
1
1
1
1
1
1
1
1
1
1
1
1
1
1
1
1
1
1
1
1
1
1
1
1
1
1
1
1
1
1
1
1
1
1
1
1
1
1
1
1
1
1
1
1
1
1
1
1
1
1
1
1
1
1
1
1
1
1
1
1
1
1
1
1
1
1
1
1
1
1
1
1
1
1
1
1
1
1
1
1
1
1
1
1
1
1
1
1
1
1
1
1
1
1
1
1
1
1
1
1
1
1
1
1
1
1
1
1
1
1
1
1
1
1
1
1
1
1
1
1
1
1
1
1
1
1
1
1
1
1
1
1
1
1
1
1
1
1
1
1
1
1
1
1
1
1
1
1
1
1
1
1
1
1
1
1
1
1
1
1
1
1
1
1
1
1
1
1
1
1
1
1
1
1
1
1
1
1
1
1
1
1
1
1
1
1
1
1
1
1
1
1
1
1
1
1
1
1
1
1
1
1
1
1
1
1
1
1
1
1
1
1
1
1
1
1
1
1
1
1
1
1
1
1
1
1
1
1
1
1
1
1
1
1
1
1
1
1
1
1
1
1
1
1
1
1
1
1
1
1
1
1
1
1
1
1
1
1
1
1
1
1
1
1
1
1
1
1
1
1
1
1
1
1
1
1
1
1
1
1
1
1
1
1
1
1
1
1
1
1
1
1
1
1
1
1
1
1
1
1
1
1
1
1
1
1
1
1
1
1
1
1
1
1
1
1
1
1
1
1
1
1
1
1
1
1
1
1
1
1
1
1
1
1
1
1
1
1
1
1
1
1
1
1
1
1
1
1
1
1
1
1
1
1
1
1
1
1
1
1
1
1
1
1
1
1
1
1
1
1
1
1
1
1
1
1
1
1
1
1
1
1
1
1
1
1
1
1
1
1
1
1
1
1
1
1
1
1
1
1
1
1
1
1
1
1
1
1
1
1
1
1
1
1
1
1
1
1
1
1
1
1
1
1
1
1
1
1
1
1
1
1
1
1
1
1
1
1
1
1
1
1
1
1
1
1
1
1
1
1
1
1
1
1
1
1
1
1
1
1
1
1
1
1
1
1
1
1
1
1
1
1
1
1
1
1
1
1
1
1
1
1
1
1
1
1
1
1
1
1
1
1
1
1
1
1
1
1
1
1
1
1
1
1
1
1
1
1
1
1
1
1
1
1
1
1
1
1
1
1
1
1
1
1
1
1
1
1
1
1
1
1
1
1
1
1
1
1
1
1
1
1
1
1
1
1
1
1
1
1
1
1
1
1
1
1
1
1
1
1
1
1
1
1
1
1
1
1
1
1
1
1
1
1
1
1
1
1
1
1
1
1
1
1
1
1
1
1
1
1
1
1
1
1
1
1
1
1
1
1
1
1
1
1
1
1
1
1
1
1
1
1
1
1
1
1
1
1
1
1
1
1
1
1
1
1
1
1
1
1
1
1
1
1
1
1
1
1
1
1
1
1
1
1
1
1
1
1
1
1
1
1
1
1
1
1
1
1
1
1
1
1
1
1
1
1
1
1
1
1
1
1
1
1
1
1
1
1
1
1
1
1
1
1
1
1
1
1
1
1
1
1
1
1
1
1
1
1
1
1
1
1
1
1
1
1
1
1
1
1
1
1
1
1
1
1
1
1
1
1
1
1
1
1
1
1
1
1
1
1
1
1
1
1
1
1
1
1
1
1
1
1
1
1
1
1
1
1
1
1
1
1
1
1
1
1
1
0
1
1
1
0
1
1
1
1
1
1
1
1
1
1
1
1
1
1
1
1
1
1
1
1
1
0
1
1
1
1
1
1
1
1
'-1
0
0
0
0
0
0
0
1
0
0
1
0
0
0
0
0
0
0
0
0
0
0
0
0
0
0
0
0
0
0
0
0
0
0
0
0
0
0
1
0
