give site product codes and stop with '0':
give current site state (0/1) and stop with '2':
give new product codes and stop with '0':
give new state and stop with '0':
-----------------------------------


changed state (4):

-----------------------------------
1731090215008
1110092120014
1111086220001
1111086220035
-----------------------------------


new products (603):

-----------------------------------
1122086120000
1122086120001
1122086120002
1122086120003
1110008622000
1110008622001
1110008622002
1110008622003
1113351120004
1113351120009
1113351120011
1113351120012
1113351120015
1113351120016
1113351120017
1113351120018
1113351120019
1122092220001
1122092220002
1122092220003
1122092220004
1113351120020
1113351120021
1113351120022
1113351120023
1113351120024
1111030220005
1119086220000
1119086220001
1119086220002
1119086220003
1110092119020
1110092119022
1110092119025
1110092119029
1122030218019
1117030120000
1117030120001
1117030120002
1117030120003
1110092119055
1117030120004
1117030120006
1117030120007
1117030120008
1711030216003
1113086120000
1113086120001
1113086120002
1113086120003
1113086120004
1117030120010
1113086120005
1113086120006
1117030120012
1113086120007
1115086110001
1113092118000
1113092118001
1761030215000
1761030215004
1761030215006
1761030215008
1115086116000
000000131828
1119086117000
1119086117001
1119086117002
1111086118000
1119086117009
1119086117010
1119086117011
1116030218018
1116086219000
1116086219003
1116086219004
1116086219007
1116086219013
1116086219017
1731090215007
1110092120031
1110092120032
1110092120033
1110092120034
1110092120035
1110092120036
1110092120037
1110092120040
1713090118000
1164086215006
1111086213016
1111086213017
1111086213018
1111086213019
1111086213029
1111086213030
1117092120000
1111086219010
1122086213001
1111086219041
1111086219042
1111086219043
1111086219044
1769090119000
1111086219045
1769090119001
1111086219048
1769090119004
1111086219049
1769090119005
1111086219050
1111086219051
1131090217009
1769090119018
1769090119019
1131092110006
1131090217010
1131090217012
1131090217013
1131090217014
1131090217015
1131090217016
1131090217017
1122090218023
1122090218024
1122090218025
1131092110016
1717030120001
1717030120002
1131092110024
1131092116000
1131092116002
1611086112001
1131092116009
1131092116011
1114030120003
1114030120004
1131092119000
1719030116001
1719030116002
1719030116003
1719030116004
1761090215002
1761090215003
1114030120010
1719030116011
1719030116012
1719030116014
1719030119000
1719030119003
1128030220004
1719030119004
1719030119005
1719030119006
1719030119007
1719030119008
1719030116024
1719030116025
1719030116027
1719030116028
1719030116029
1111086220015
1719030119012
1719030119013
1719030119015
1719030119016
1719030119017
1719030119018
1719030119019
1719030116030
1719030116031
1719030116032
1719030116033
1719030116034
1719030116038
1719030116039
1719030119020
1719030116040
1117086217000
1110092118039
1122086220000
1110092118043
1113086219019
1127091119001
1127091119002
1127091119004
1719030217000
1719030217001
1719030217002
1719030217003
1719030217004
1719030217005
1719030217006
1719030217007
1719030217008
1719030217009
1110030220017
1719030217010
1719030217011
1719030217012
1719030217013
1719030217014
1719030217015
1719030217016
1719030217017
1719030217018
1110009222000
1110009222001
1110009222002
1110009222003
1110009222004
1719030217020
1110092219000
1719030217024
1719030217025
1719030217026
1719030217027
1719030217028
1110092219005
1719030217029
1110092219006
1110092219007
1761030217004
1139091118096
1110092219017
1719030120006
1719030120007
1133030120007
1119086119006
1119086119007
1119086119008
1119086119009
1719030120010
1719030120013
1722090215002
1719030120016
1133030120015
1722090215003
1722090215005
1719030120019
1719030120022
1719030120025
1719030120026
1133030120026
1719030120028
1719030120029
1110092219040
1719030120031
1719030120032
1719030120034
1133030120034
1133030120038
1133030120039
1133030120041
1133030120043
1133030120045
1118086111000
1118086111001
1118086111002
1117030220015
1118086111003
1118086111004
1117030220017
1118086111005
1117030220018
1117030220019
1133030120050
1133030120051
1127091120000
4000001156002
1122090119015
1122090119016
1122090119017
1122090119018
1122090119019
1127091120010
1127091120011
1127091120012
1127091120014
1127091120015
1127091120016
1122090119020
1122090119021
1122090119022
1122090119023
1122090119024
1122090119026
1127091120025
1122090119037
1122090119038
1127091120039
1122090211001
1110092220014
1130091119001
1110092220015
1130091119002
1130091119003
1130091119004
1110092220018
1130091119005
1110092220019
1130091119006
1130091119007
1130091119008
1130091119009
1112030220006
1112030220007
1110092220022
1110092220023
1130091119010
1769090115013
1769090115018
1122090211028
1122090211029
1769090118005
000000190014
000000190015
000000190016
1110092220036
1130030119010
1110092220044
1122090217011
1112092219001
1112092219002
1112092219003
1769090118022
1769090118023
1769090118024
1110092220052
1110092220053
1131090219004
1131090219005
1131090219006
1131090219007
1131090219008
1122090217027
1122090217028
1122090217029
1131090219013
1131090219014
1131090219015
1131090219016
1122090217030
1131090219017
1122090217031
1131090219018
1122090217032
1122090217033
1122090217034
1122090217035
1131092115000
1131092115001
1131092115003
1131092115005
1131092115008
1131092115009
1122090120013
1122090120014
1122090120015
1122090120016
1131092115010
1122090120018
1131092115011
1122090120019
1131092115012
1131092115013
1131092118000
1122090120020
1122090120021
1122090120022
1122090120023
1122090120024
1122090120025
1122090120026
1122090120027
1122090120028
1122090120029
000000700022
1122090120030
1122090120031
1122090120032
1719030118000
1122090120033
1719030118001
1122090120034
1719030118002
1122090120035
1719030118003
1719030118005
1719030118006
1719030118007
1719030118008
1719030118009
1115086220000
000000700032
1761090217005
1719030118010
1719030118021
1719030118025
1719030118029
1114086120036
1719030118033
1761030118000
1116086119000
1116086119001
1116086119002
1116351120000
1116351120002
1116351120003
1116351120004
1116351120007
1116351120008
1131092213018
1116351120011
1131092213019
1116351120012
1116351120013
1116351120014
1127091115027
1131092213021
1131092213022
1131092213023
1131092213024
1131092213025
1131092213026
1131092213027
1131092213028
1131092213029
1131092216013
1131092216014
1131092216015
1131092216016
1131092216017
1131092216018
1131092219000
1131092219001
1131092219002
1719030216000
1719030216001
1719030216005
1719030216007
1719030216008
1719030216009
1131092213035
1131092213036
1131092213037
1131092213038
1131092213039
1131092219010
1719030216010
1719030216011
1719030216012
1131092219016
1719030216014
1131092213040
1719030216015
1719030216016
1719030216017
1719030219002
1719030219003
1719030219004
1719030219005
1719030219006
1719030219007
1719030219008
1719030219009
1131092219021
1131092219022
1719030216020
1131092219023
1719030216021
1719030216022
1719030216023
1719030216024
1719030216025
1719030216026
1719030216027
1115030116002
1719030216028
1719030219010
1719030219011
1719030219012
1719030219013
1122092118001
1719030219014
1719030219015
1719030219016
1719030219017
1719030219018
1719030219019
1131092219030
1131092219031
1719030216030
1719030216031
1131092219034
1719030216032
1131092219036
1719030216039
1719030219020
1719030219021
1719030219022
1133086217020
1719030219023
1719030219024
1719030219025
1133086217023
1719030219029
1131092219042
1719030216040
1719030216042
1719030216043
1719030216045
1719030216046
1719030216047
1719030216048
1719030216049
1116086217003
1719030219030
1719030219032
1719030219033
1719030219034
1719030219035
1719030219036
1719030219037
1133086217035
1719030219038
1719030219039
1110008612002
1719030216050
1719030216051
1719030216052
1719030216053
1719030216055
1719030216056
1719030216057
1133086120002
1719030216058
1133086120004
1133086120006
1133086120007
1719030219042
1719030219043
1719030219044
1719030219045
1719030219046
1719030216061
1719030216062
1719030216063
1719030216065
1719030216066
1719030216067
1719030216068
1116086120000
1116086120001
1713086117000
1713086117001
4000001116000
4000001116001
1122090118023
1115030217002
1122090118024
1122090118025
1122092219003
1122092219004
1122092219005
1122092219006
1122092219007
1122092219008
1122092219009
1111030219009
1110030119013
1122092219011
1122092219012
1122092219013
1122092219014
1122092219015
1122092219016
1122092219018
1122092219019
1133030220005
1111030219010
4000001116025
4000001116026
1110030119021
1113092120001
1122092219021
1122092219022
1122092219023
1133030220010
1113092120013
1113092120014
1133030220029
1122092219041
1122092219042
1116030220002
1122092219043
1116030220007
1116030220009
1133030220033
1133030220037
1716030118002
1716030118003
1716030118007
-----------------------------------


list of new states with respect to current product codes from site

-----------------------------------
1
1
1
1
1
1
1
1
1
1
1
1
1
1
1
1
1
1
1
1
1
1
1
1
1
1
1
1
1
1
1
1
1
1
1
1
1
1
1
1
1
1
1
1
1
1
1
1
1
1
1
1
1
1
1
1
1
1
1
1
1
1
1
1
1
1
1
1
1
1
1
1
1
1
1
1
1
1
1
1
1
1
1
1
1
1
1
1
1
1
1
1
1
1
1
1
1
1
1
1
1
1
1
1
1
1
1
1
1
1
1
1
1
1
1
1
1
1
1
1
1
1
1
1
1
1
1
1
1
1
1
1
1
1
1
1
1
1
1
1
1
1
1
1
1
1
1
1
1
1
1
1
1
1
1
1
1
1
1
1
1
1
1
1
1
1
1
1
1
1
1
1
1
1
1
1
1
1
1
1
1
1
1
1
1
1
1
1
1
1
1
1
1
1
1
1
1
1
1
1
1
1
1
1
1
1
1
1
1
1
1
1
1
1
1
1
1
1
1
1
1
1
1
1
1
1
1
1
1
1
1
1
1
1
1
1
1
1
1
1
1
1
1
1
1
1
1
1
1
1
1
1
1
1
1
1
1
1
1
1
1
1
1
1
1
1
1
1
1
1
1
1
1
1
1
1
1
1
1
1
1
1
1
1
1
1
1
1
1
1
1
1
1
1
1
1
1
1
1
1
1
1
1
1
1
1
1
1
1
1
1
1
1
1
1
1
1
1
1
0
0
1
1
1
1
1
1
1
1
1
1
1
1
1
1
1
1
1
1
1
1
1
1
1
1
1
1
1
1
1
1
1
1
1
1
1
1
1
1
1
1
1
1
1
1
1
1
1
1
1
1
1
1
1
1
1
1
1
1
1
1
1
1
1
1
1
1
1
1
1
1
1
1
1
1
1
1
1
1
1
1
1
1
1
1
1
1
1
1
1
1
1
1
1
1
1
1
1
1
1
1
1
1
1
1
1
1
1
1
1
1
1
1
1
1
1
1
1
1
1
1
1
1
1
1
1
1
1
1
1
1
1
1
1
1
1
1
1
1
1
1
1
1
1
1
1
1
1
1
1
1
1
1
1
1
1
1
1
1
1
1
1
1
1
1
1
1
1
1
1
1
1
1
1
1
1
1
1
1
1
1
1
1
1
1
1
1
1
1
1
1
1
1
1
1
1
1
1
1
1
1
1
1
1
1
1
1
1
1
1
1
1
1
1
1
1
1
1
1
1
1
1
1
1
1
1
1
1
1
1
1
1
1
1
1
1
1
1
1
1
1
1
1
1
1
1
1
1
1
1
1
1
1
1
1
1
1
1
1
1
1
1
1
1
1
1
1
1
1
1
1
1
1
1
1
1
1
1
1
1
1
1
1
1
1
1
1
1
1
1
1
1
1
1
1
1
1
1
1
1
1
1
1
1
1
1
1
1
1
1
1
1
1
1
1
1
1
1
1
1
1
1
1
1
1
1
1
1
1
1
1
1
1
1
1
1
1
1
1
1
1
1
1
1
1
1
1
1
1
1
1
1
1
1
1
1
1
1
1
1
1
1
1
1
1
1
1
1
1
1
1
1
1
1
1
1
1
1
1
1
1
1
1
1
1
1
1
1
1
1
1
1
1
1
1
1
1
1
1
1
1
1
1
1
1
1
1
1
1
1
1
1
1
1
1
1
1
1
1
1
1
1
1
1
1
1
1
1
1
1
1
1
1
1
1
1
1
1
1
1
1
1
1
1
1
1
1
1
1
1
1
1
1
1
1
1
1
1
1
1
1
1
1
1
1
1
1
1
1
1
1
1
1
1
1
1
1
1
1
1
1
1
1
1
1
1
1
1
1
1
1
1
1
1
1
1
1
1
1
1
1
1
1
1
1
1
1
1
1
1
1
1
1
1
1
1
1
1
1
1
1
1
1
1
1
1
1
1
1
1
1
1
1
1
1
1
1
1
1
1
1
1
1
1
1
1
1
1
1
1
1
1
1
1
1
1
1
1
1
1
1
1
1
1
1
1
1
1
1
1
1
1
1
1
1
1
1
1
1
1
1
1
0
1
1
0
1
1
1
1
1
1
1
1
1
1
1
1
1
0
0
1
1
1
1
1
1
1
1
1
1
1
1
0
1
1
1
1
1
1
1
1
1
1
1
1
1
1
1
1
1
1
1
1
1
1
1
1
1
1
1
1
1
1
1
1
1
1
1
1
1
1
1
1
1
1
1
1
1
1
1
1
1
1
1
1
1
1
1
1
1
1
1
1
1
1
1
1
1
0
1
1
1
1
1
1
1
1
1
1
1
1
1
1
1
1
1
1
1
1
1
1
1
1
1
1
1
1
1
1
1
1
1
1
1
1
1
1
1
1
1
1
1
1
1
1
1
1
1
1
1
1
1
1
1
1
1
1
1
1
1
1
1
1
1
1
1
1
1
1
1
1
1
1
1
1
1
1
1
1
1
1
1
1
1
1
1
1
1
1
1
1
1
1
1
1
1
1
1
1
1
1
1
1
1
1
1
1
1
1
1
1
1
1
1
1
1
1
1
1
1
1
1
1
1
1
1
1
1
1
1
1
1
1
1
1
1
1
1
1
1
1
1
1
1
1
1
1
1
1
1
1
1
1
1
1
1
1
1
1
1
1
1
1
1
1
1
1
1
1
1
1
1
1
1
1
1
1
1
0
1
1
1
1
1
1
1
1
1
1
1
1
1
1
1
1
1
1
1
1
1
1
1
1
1
1
1
1
1
0
0
1
1
1
0
0
0
0
0
0
0
0
0
1
0
0
0
0
0
0
0
0
0
0
0
0
0
0
0
0
0
0
0
0
0
0
0
0
0
0
0
0
0
0
1
0
0
0
0
0
0
0
0
1
1
1
1
1
1
1
1
1
1
1
1
1
1
0
0
1
0
0
0
0
0
0
1
1
1
1
1
1
1
1
1
1
1
1
1
1
1
1
1
1
1
1
1
1
1
1
1
1
1
1
1
1
1
1
1
0
1
1
1
1
1
1
1
1
1
1
1
1
1
1
1
1
1
1
1
1
1
1
1
1
1
1
1
1
1
1
1
1
1
1
1
1
1
1
1
1
1
1
1
1
1
1
1
1
1
1
1
1
1
1
1
1
1
1
1
1
1
1
1
1
1
1
1
1
1
1
1
1
1
1
1
1
1
1
1
1
1
1
1
1
1
1
1
1
1
1
1
1
1
1
1
1
1
1
1
1
1
1
1
1
1
1
1
1
1
1
1
1
1
1
1
1
1
1
1
1
1
1
1
1
1
1
1
1
1
1
1
1
1
1
1
1
1
1
1
1
1
1
1
1
1
1
1
1
1
1
1
1
1
1
1
1
1
1
1
1
1
1
1
1
1
1
1
1
1
1
1
1
1
1
1
1
1
1
1
1
1
1
1
1
1
1
1
1
1
1
1
1
1
1
1
1
1
1
1
1
1
1
1
1
1
1
1
1
1
1
1
1
1
1
1
1
1
1
1
1
1
1
1
1
1
1
1
1
1
1
1
1
1
1
1
1
1
1
1
1
1
1
1
1
1
1
1
1
1
1
1
1
1
1
1
1
1
1
1
1
1
1
1
1
1
1
1
1
1
1
1
1
1
1
1
1
1
1
1
1
1
1
1
1
1
1
1
1
1
1
1
1
1
1
1
1
1
1
1
1
1
1
1
1
1
1
1
1
1
1
1
1
1
1
1
1
1
1
1
1
1
1
1
1
1
1
1
1
1
1
1
1
1
1
1
1
1
1
1
1
1
1
1
1
1
1
1
1
1
1
1
1
1
1
1
1
1
1
1
1
1
1
1
1
1
1
1
1
1
1
1
1
1
1
1
1
1
1
1
1
1
1
1
1
1
1
1
1
1
1
1
1
1
1
1
1
1
1
1
1
1
1
1
1
1
1
1
1
1
1
1
1
1
1
1
1
1
1
1
1
1
1
1
1
1
1
1
1
1
1
1
1
1
1
1
1
1
1
1
1
1
1
1
1
1
1
1
1
1
1
1
1
1
1
1
1
1
1
1
1
1
1
1
1
1
1
1
1
1
1
1
1
1
1
1
1
1
1
1
1
1
1
1
1
1
1
1
1
1
1
1
1
1
1
1
1
1
1
1
1
1
1
1
1
1
1
1
1
1
1
1
1
1
1
1
1
1
1
1
1
1
1
1
1
1
1
1
1
1
1
1
1
1
1
1
1
1
1
1
1
1
1
1
1
1
1
1
1
1
1
1
1
1
1
1
1
1
1
1
1
1
1
1
1
1
1
1
1
1
1
1
1
1
1
1
1
0
1
1
1
1
1
1
1
1
1
1
1
1
1
1
1
1
1
1
1
1
1
1
1
1
1
1
1
1
1
1
1
1
1
1
1
1
1
1
1
1
1
1
1
1
1
1
1
1
1
1
1
1
1
1
1
1
0
1
1
1
1
1
1
1
1
1
1
1
1
1
1
1
1
1
1
1
1
1
1
1
1
1
1
1
1
1
1
1
1
1
1
1
1
1
1
1
1
1
1
1
1
1
1
1
1
1
1
1
0
1
1
0
0
1
1
1
1
1
1
0
1
0
0
1
1
1
1
1
1
1
0
1
1
1
1
1
1
0
1
1
1
1
1
0
1
1
0
0
0
0
1
1
1
1
1
1
0
1
1
1
1
1
1
1
1
1
1
1
0
0
0
1
1
1
1
0
1
1
1
1
1
0
0
0
1
1
1
1
0
1
1
1
1
0
0
1
0
0
0
0
1
1
1
1
1
0
1
1
1
0
1
1
0
1
1
1
1
0
1
1
1
0
1
1
1
1
1
1
0
1
1
1
1
1
0
0
0
0
1
1
1
0
1
0
1
0
1
1
0
1
1
1
1
0
1
1
1
1
0
0
1
1
1
1
0
1
1
1
0
1
1
1
1
0
1
0
1
1
1
1
1
0
0
1
1
1
1
0
1
1
1
0
1
1
1
1
1
1
0
0
1
1
0
1
1
1
0
1
1
1
0
1
1
1
1
1
0
1
0
1
1
1
1
1
1
1
0
1
1
1
1
1
1
1
1
1
1
0
1
1
1
0
1
1
0
1
1
1
0
1
1
1
0
1
1
1
1
1
0
1
1
0
0
1
1
1
1
1
1
1
0
1
1
1
1
1
1
1
1
1
1
1
0
0
1
1
1
0
0
0
1
1
1
1
1
1
1
1
1
1
1
1
1
1
1
1
1
1
1
1
0
0
1
1
1
1
1
1
1
1
1
1
1
1
1
1
1
1
1
1
1
1
1
1
1
1
1
1
1
1
1
1
1
1
1
1
1
1
1
1
1
1
1
1
1
1
1
1
1
1
1
1
1
1
1
1
1
1
0
1
1
0
1
1
1
1
1
1
1
1
0
0
0
1
1
1
1
1
1
0
1
1
1
1
1
1
1
1
1
1
1
1
1
1
1
1
1
1
1
1
1
1
1
1
1
1
1
1
1
1
1
1
1
0
0
0
1
0
0
1
1
1
1
0
1
1
1
1
1
1
1
1
0
1
1
1
1
1
1
1
1
1
1
1
1
1
1
1
1
1
1
1
1
1
1
1
1
1
1
1
1
1
1
1
1
1
1
1
1
1
1
1
1
1
1
1
1
0
0
1
0
1
0
0
0
0
0
0
1
0
0
1
1
0
1
1
1
1
1
1
1
1
1
0
1
1
1
1
1
1
1
1
1
1
1
1
1
1
1
1
0
0
1
0
0
1
1
1
1
0
1
1
0
1
1
1
1
1
1
1
1
1
1
1
1
1
1
1
1
0
1
0
1
1
1
1
0
1
1
1
1
1
1
1
1
1
1
0
0
1
1
0
0
1
1
1
0
1
0
1
1
1
1
1
1
1
1
1
1
1
1
1
1
1
1
0
1
1
1
1
1
1
1
1
1
1
1
1
1
1
1
1
1
0
1
1
1
1
1
1
0
1
1
1
1
1
1
1
1
1
1
0
1
1
0
0
1
0
1
1
1
0
1
0
0
1
1
0
1
1
1
1
1
1
1
1
1
1
1
0
0
0
1
1
1
1
1
0
1
1
1
1
1
0
1
1
1
1
0
1
1
0
1
0
0
0
0
1
0
0
1
1
1
1
1
1
1
1
1
1
1
1
1
1
1
0
1
1
1
1
1
1
1
1
1
1
1
0
0
0
1
0
0
0
1
1
1
1
1
1
0
1
1
1
1
1
1
1
1
1
1
1
1
1
1
1
1
1
1
1
1
1
1
1
1
1
1
1
1
1
1
1
1
1
0
1
1
0
1
1
1
1
1
0
1
1
1
0
1
0
1
1
1
1
1
1
1
0
1
0
1
1
1
1
1
1
1
1
0
1
1
1
1
1
1
1
1
1
1
1
1
1
1
1
1
1
1
1
1
1
1
1
1
1
1
1
1
1
1
0
1
0
1
0
0
1
1
0
0
0
0
0
1
1
1
1
1
0
1
1
1
1
0
0
1
0
0
1
0
0
0
0
0
1
1
1
1
0
0
0
0
0
1
0
0
1
1
0
0
1
1
1
0
1
1
0
0
0
1
0
1
0
1
0
1
0
1
0
1
1
1
0
1
0
0
1
1
1
1
1
0
1
0
1
1
1
1
1
1
1
1
1
1
1
1
1
1
1
0
0
1
1
0
1
1
1
1
1
1
1
1
1
1
1
1
1
1
1
0
1
1
0
1
1
1
1
1
1
1
1
1
1
1
1
1
1
1
1
1
1
1
1
1
0
0
1
1
1
1
0
1
1
1
1
1
0
1
1
1
1
1
1
1
1
1
1
1
1
1
1
1
1
1
1
1
1
1
0
1
1
1
1
1
1
1
1
1
1
1
1
1
1
1
1
1
0
1
0
1
0
0
1
1
1
0
1
1
1
1
1
1
1
1
1
1
1
1
1
1
1
1
1
1
1
1
1
1
1
1
1
1
1
1
1
1
1
1
1
1
1
1
1
1
1
1
1
1
1
1
1
1
1
1
1
1
1
1
1
1
1
1
1
1
1
1
1
1
1
1
1
1
1
1
1
1
1
1
1
1
1
1
1
1
1
1
1
1
1
1
1
1
1
1
1
1
1
1
1
1
1
1
1
1
1
1
1
'-1
1
1
1
'-1
1
'-1
1
1
'-1
1
'-1
1
'-1
1
'-1
1
'-1
1
'-1
1
1
'-1
1
1
1
1
1
'-1
1
'-1
1
1
'-1
1
1
'-1
1
1
1
1
1
1
'-1
1
'-1
1
1
'-1
1
'-1
1
'-1
1
'-1
1
'-1
1
'-1
1
1
'-1
1
1
'-1
1
1
'-1
1
'-1
1
1
1
1
'-1
1
'-1
1
1
'-1
1
'-1
1
'-1
1
'-1
1
'-1
1
'-1
1
'-1
1
1
'-1
1
'-1
1
1
1
'-1
1
'-1
1
1
1
1
1
1
1
1
1
1
1
'-1
1
1
1
1
1
1
1
1
1
1
'-1
1
'-1
1
1
'-1
1
'-1
1
1
'-1
1
1
1
1
'-1
1
1
1
1
'-1
1
1
'-1
'-1
1
1
1
1
'-1
'-1
1
1
1
1
'-1
'-1
1
1
1
'-1
1
'-1
'-1
1
'-1
1
1
'-1
1
1
'-1
1
'-1
1
'-1
1
'-1
1
'-1
1
'-1
1
'-1
1
'-1
1
'-1
1
'-1
1
1
'-1
1
1
1
1
'-1
1
1
1
1
1
1
1
1
1
1
'-1
1
'-1
1
'-1
1
'-1
1
'-1
1
'-1
1
'-1
1
'-1
1
'-1
1
1
1
'-1
1
1
1
'-1
'-1
1
'-1
1
1
'-1
1
1
'-1
1
'-1
1
'-1
1
'-1
1
'-1
1
'-1
1
'-1
1
'-1
1
'-1
1
'-1
1
'-1
1
'-1
1
'-1
1
1
1
1
1
'-1
1
1
1
'-1
1
1
1
'-1
1
'-1
1
'-1
1
1
1
1
1
1
1
1
1
1
1
1
1
1
1
1
1
1
1
1
1
1
1
1
1
'-1
1
1
1
1
1
1
1
1
1
1
1
1
1
1
1
1
1
1
1
1
1
1
1
1
1
1
1
1
1
1
1
1
1
1
1
1
1
1
1
1
1
1
1
1
1
1
1
1
1
1
1
1
1
1
1
1
1
1
1
1
'-1
1
'-1
1
1
'-1
1
'-1
1
'-1
1
'-1
1
1
1
1
1
'-1
1
1
1
1
1
'-1
1
'-1
1
1
1
1
1
1
'-1
1
'-1
1
'-1
1
'-1
1
'-1
1
1
1
1
1
1
1
1
1
1
'-1
1
1
1
1
1
'-1
1
1
1
'-1
1
1
'-1
1
1
1
1
1
1
'-1
1
'-1
1
'-1
1
'-1
1
'-1
1
'-1
1
1
1
'-1
1
'-1
1
1
1
'-1
1
'-1
1
'-1
1
'-1
1
1
1
'-1
1
'-1
1
'-1
1
'-1
1
'-1
1
'-1
1
'-1
1
'-1
1
'-1
'-1
1
'-1
1
'-1
1
'-1
1
'-1
1
'-1
1
'-1
1
'-1
1
1
1
1
'-1
1
1
1
1
'-1
1
1
'-1
1
1
1
'-1
1
1
1
1
'-1
1
'-1
1
'-1
1
'-1
1
1
'-1
1
'-1
1
'-1
1
'-1
1
'-1
1
'-1
1
'-1
1
1
1
1
'-1
1
1
'-1
1
1
1
1
1
1
'-1
1
'-1
1
1
'-1
1
1
1
1
1
1
1
1
1
1
'-1
1
1
1
1
1
1
1
1
1
'-1
1
1
1
1
1
1
'-1
1
1
1
1
1
1
1
1
1
1
1
1
1
1
1
'-1
1
'-1
1
1
1
1
1
1
1
1
1
1
1
1
'-1
1
1
1
1
1
1
1
1
1
1
'-1
1
'-1
1
'-1
1
'-1
1
'-1
1
1
'-1
1
1
1
1
1
1
1
1
'-1
1
1
1
'-1
1
'-1
1
1
'-1
1
'-1
1
'-1
1
'-1
1
'-1
1
1
'-1
1
1
1
1
1
'-1
1
'-1
1
'-1
1
'-1
1
1
1
1
1
1
1
1
1
1
1
1
1
1
1
1
1
1
1
1
1
1
1
1
1
1
1
1
1
1
1
'-1
1
'-1
1
'-1
1
1
'-1
'-1
1
1
1
'-1
1
1
'-1
1
1
'-1
1
'-1
1
'-1
1
'-1
1
'-1
1
1
'-1
1
1
'-1
1
1
'-1
1
'-1
1
1
'-1
1
1
'-1
1
1
'-1
1
'-1
1
1
1
1
'-1
1
1
1
1
'-1
1
'-1
1
1
'-1
1
1
'-1
1
'-1
1
'-1
1
'-1
1
1
1
1
1
'-1
1
'-1
'-1
1
'-1
'-1
1
'-1
1
'-1
'-1
1
'-1
1
'-1
1
'-1
1
1
1
'-1
1
1
'-1
1
1
'-1
1
1
1
1
1
1
1
1
1
1
1
1
1
1
1
1
1
'-1
1
1
1
1
1
1
1
1
1
'-1
1
1
1
1
1
1
1
1
1
1
1
1
1
1
1
1
1
1
1
1
1
1
'-1
1
1
1
1
1
1
1
1
1
1
1
1
1
1
1
'-1
1
1
'-1
1
'-1
1
'-1
1
'-1
1
'-1
1
'-1
1
'-1
1
'-1
1
'-1
1
'-1
1
'-1
1
1
'-1
1
1
1
1
1
1
1
1
'-1
1
1
'-1
1
1
1
1
1
1
1
'-1
1
1
'-1
1
1
'-1
1
1
1
'-1
1
1
'-1
1
'-1
1
'-1
1
'-1
1
'-1
1
1
'-1
1
'-1
1
'-1
1
'-1
1
1
1
1
1
1
1
1
1
'-1
1
'-1
1
'-1
1
'-1
1
1
1
'-1
1
'-1
1
'-1
1
'-1
1
1
1
1
1
1
1
1
1
1
1
1
1
1
'-1
1
'-1
1
'-1
1
'-1
1
'-1
1
'-1
1
'-1
1
1
'-1
'-1
1
'-1
1
1
'-1
1
'-1
1
1
'-1
1
1
'-1
1
'-1
1
'-1
1
1
'-1
1
1
1
1
1
1
1
1
1
1
1
'-1
1
1
1
1
1
1
'-1
1
1
1
'-1
1
'-1
1
1
'-1
1
'-1
1
'-1
1
'-1
1
'-1
1
'-1
1
1
'-1
1
'-1
1
1
'-1
1
'-1
1
1
1
1
'-1
1
1
'-1
1
'-1
1
'-1
1
'-1
1
'-1
1
'-1
1
1
1
'-1
1
'-1
1
'-1
1
1
1
'-1
1
1
1
'-1
1
'-1
1
'-1
1
'-1
1
1
'-1
1
1
1
1
1
'-1
1
'-1
1
'-1
1
1
'-1
1
'-1
1
1
'-1
1
1
1
1
1
1
1
'-1
1
1
1
'-1
1
'-1
1
1
1
1
1
1
'-1
1
1
'-1
1
1
1
'-1
1
'-1
1
'-1
1
'-1
1
'-1
1
'-1
1
'-1
1
1
'-1
1
'-1
1
1
1
'-1
1
'-1
1
'-1
1
1
'-1
1
'-1
1
1
1
1
1
1
1
1
1
1
1
1
1
1
'-1
1
1
1
1
1
'-1
1
1
1
1
1
1
1
1
'-1
1
1
1
1
1
1
'-1
1
'-1
1
'-1
1
'-1
1
1
1
'-1
1
1
'-1
1
'-1
1
'-1
1
'-1
1
'-1
1
1
1
1
1
'-1
1
'-1
1
'-1
1
'-1
1
'-1
1
'-1
1
'-1
1
'-1
1
'-1
1
'-1
1
'-1
1
'-1
1
'-1
'-1
1
'-1
'-1
1
'-1
'-1
1
'-1
'-1
1
'-1
1
'-1
1
'-1
1
'-1
1
1
'-1
1
'-1
1
'-1
'-1
'-1
'-1
1
1
1
1
'-1
1
1
1
1
'-1
1
'-1
1
'-1
'-1
1
'-1
1
'-1
1
1
'-1
1
'-1
1
1
1
1
'-1
1
'-1
1
'-1
1
'-1
1
'-1
1
'-1
1
'-1
1
'-1
1
'-1
1
'-1
1
'-1
1
'-1
1
'-1
1
1
'-1
1
1
1
'-1
1
1
'-1
1
1
'-1
1
'-1
1
'-1
1
'-1
1
'-1
1
'-1
1
1
'-1
1
'-1
1
'-1
1
'-1
1
'-1
1
1
'-1
1
'-1
1
'-1
1
1
1
1
'-1
1
'-1
1
1
'-1
1
'-1
1
1
'-1
1
'-1
1
1
'-1
1
1
1
'-1
1
'-1
1
'-1
1
1
'-1
1
'-1
1
'-1
1
'-1
1
'-1
1
'-1
1
1
'-1
1
1
'-1
1
'-1
1
1
1
'-1
1
1
'-1
1
'-1
1
'-1
1
'-1
1
1
'-1
1
1
'-1
1
1
1
1
'-1
1
'-1
1
1
'-1
1
1
1
'-1
1
1
1
1
1
'-1
1
1
'-1
1
'-1
1
'-1
1
1
'-1
1
'-1
1
'-1
1
'-1
1
'-1
1
1
'-1
1
'-1
1
'-1
1
'-1
1
'-1
1
'-1
1
'-1
1
'-1
1
1
'-1
1
'-1
1
'-1
1
'-1
1
1
'-1
1
1
'-1
1
'-1
1
1
1
'-1
1
'-1
1
'-1
1
'-1
1
1
1
1
1
'-1
1
1
1
1
1
'-1
1
'-1
1
'-1
1
1
1
'-1
1
1
'-1
1
'-1
1
'-1
1
1
'-1
1
'-1
1
'-1
1
'-1
1
1
1
'-1
1
'-1
1
'-1
1
'-1
1
'-1
1
'-1
1
1
1
1
'-1
1
1
1
'-1
1
'-1
1
'-1
1
'-1
1
1
'-1
1
'-1
1
'-1
1
1
1
'-1
1
1
1
1
1
1
'-1
1
1
'-1
1
1
1
1
'-1
1
'-1
1
'-1
1
'-1
1
1
'-1
1
'-1
1
1
'-1
1
'-1
1
1
1
1
'-1
1
'-1
1
'-1
1
'-1
1
'-1
1
1
'-1
1
1
1
'-1
1
'-1
1
1
1
1
'-1
1
'-1
1
'-1
1
'-1
1
'-1
1
1
'-1
1
'-1
1
1
1
1
1
1
'-1
1
1
'-1
1
'-1
1
'-1
1
'-1
1
'-1
1
1
'-1
1
'-1
1
1
'-1
1
1
1
1
1
'-1
1
1
'-1
1
1
1
1
1
'-1
1
'-1
1
1
1
1
1
1
1
1
1
1
1
'-1
1
1
1
1
1
1
1
1
'-1
1
1
'-1
1
1
1
'-1
1
1
'-1
1
'-1
1
'-1
1
1
1
'-1
1
1
1
1
1
1
'-1
1
1
1
'-1
1
'-1
1
'-1
1
1
'-1
1
1
'-1
1
1
'-1
1
1
1
1
1
1
'-1
1
'-1
1
'-1
1
'-1
1
1
'-1
1
'-1
1
1
1
1
1
1
'-1
1
'-1
'-1
1
1
'-1
1
'-1
'-1
'-1
1
'-1
'-1
'-1
1
'-1
1
'-1
1
'-1
1
1
'-1
'-1
1
'-1
1
'-1
'-1
1
1
1
1
1
1
'-1
1
1
1
1
1
1
'-1
1
'-1
1
1
1
1
1
'-1
1
1
'-1
'-1
'-1
1
1
'-1
1
'-1
'-1
1
'-1
1
1
1
1
'-1
1
1
'-1
1
'-1
'-1
1
1
1
1
1
1
1
1
1
1
1
1
1
1
1
1
'-1
1
1
1
'-1
1
1
1
1
'-1
1
1
1
1
'-1
1
'-1
1
1
1
'-1
1
1
1
1
1
1
1
1
'-1
1
'-1
1
'-1
1
'-1
1
1
1
1
1
'-1
1
'-1
1
'-1
1
'-1
1
'-1
1
'-1
1
1
1
1
'-1
1
'-1
1
'-1
1
'-1
1
1
'-1
1
'-1
1
1
1
1
'-1
1
'-1
1
'-1
1
'-1
1
'-1
1
'-1
1
'-1
1
'-1
1
'-1
1
1
'-1
1
'-1
1
'-1
1
'-1
1
'-1
1
'-1
1
'-1
1
1
'-1
1
'-1
1
'-1
1
'-1
1
1
'-1
1
'-1
1
'-1
1
'-1
1
1
1
'-1
1
'-1
1
'-1
1
'-1
1
'-1
1
'-1
1
'-1
1
'-1
1
'-1
1
'-1
1
'-1
1
'-1
1
1
1
1
'-1
1
'-1
1
1
1
1
'-1
1
'-1
1
1
'-1
1
'-1
1
'-1
1
'-1
1
'-1
1
1
'-1
1
'-1
1
1
'-1
1
'-1
1
'-1
1
'-1
1
'-1
1
'-1
1
1
'-1
1
'-1
1
1
1
1
1
'-1
1
1
'-1
1
'-1
1
'-1
1
'-1
1
'-1
1
'-1
1
1
1
1
1
1
'-1
1
'-1
1
1
1
'-1
1
'-1
1
'-1
1
1
1
1
'-1
1
'-1
1
'-1
1
'-1
1
'-1
1
'-1
1
'-1
1
'-1
1
'-1
1
'-1
1
'-1
1
'-1
1
1
'-1
1
1
'-1
1
'-1
1
'-1
1
'-1
'-1
'-1
1
'-1
'-1
'-1
'-1
1
'-1
1
'-1
1
'-1
1
'-1
'-1
'-1
1
'-1
1
'-1
1
1
'-1
1
'-1
'-1
1
1
'-1
1
1
1
1
'-1
1
1
1
'-1
1
1
1
1
1
1
1
1
1
1
1
1
'-1
'-1
1
'-1
1
'-1
'-1
1
'-1
1
'-1
1
'-1
1
'-1
1
'-1
1
'-1
'-1
1
'-1
'-1
1
'-1
1
1
1
1
1
'-1
1
'-1
1
1
1
1
1
1
1
1
'-1
1
'-1
1
1
'-1
1
1
'-1
1
'-1
1
'-1
1
'-1
1
1
'-1
1
'-1
1
1
'-1
1
1
1
'-1
1
1
1
1
1
1
1
1
1
'-1
1
1
'-1
1
1
'-1
1
1
'-1
1
'-1
1
'-1
1
'-1
1
'-1
1
1
1
1
1
'-1
1
1
'-1
1
1
'-1
1
'-1
1
'-1
1
'-1
1
'-1
1
1
1
'-1
1
'-1
1
'-1
1
'-1
1
'-1
1
'-1
1
1
1
1
1
1
1
1
'-1
1
'-1
1
'-1
1
'-1
1
'-1
1
1
1
1
1
1
1
1
'-1
1
'-1
'-1
1
'-1
1
'-1
1
'-1
'-1
'-1
'-1
'-1
1
'-1
'-1
'-1
1
1
1
1
'-1
'-1
1
1
1
1
1
1
1
1
1
1
1
1
1
1
'-1
1
1
1
1
'-1
1
'-1
1
'-1
1
'-1
1
'-1
1
'-1
1
'-1
1
'-1
1
'-1
1
1
1
'-1
1
'-1
1
'-1
1
1
1
'-1
1
'-1
1
1
1
1
'-1
1
'-1
1
'-1
1
'-1
1
'-1
1
'-1
1
1
'-1
1
1
1
1
1
1
1
1
1
1
1
'-1
1
'-1
1
'-1
1
'-1
1
'-1
1
'-1
1
'-1
1
'-1
1
1
1
1
'-1
1
'-1
1
'-1
1
'-1
1
1
1
'-1
1
1
1
'-1
1
1
1
'-1
1
'-1
1
'-1
1
'-1
1
'-1
1
'-1
'-1
'-1
'-1
'-1
1
'-1
1
'-1
'-1
1
'-1
1
'-1
1
'-1
1
'-1
'-1
1
1
1
1
1
'-1
1
'-1
1
1
1
1
'-1
1
1
1
'-1
1
1
'-1
1
'-1
1
'-1
1
'-1
1
1
1
'-1
1
'-1
1
'-1
1
'-1
1
'-1
1
1
'-1
1
'-1
1
'-1
1
'-1
1
'-1
1
'-1
1
'-1
1
1
'-1
1
1
'-1
1
'-1
1
'-1
1
1
'-1
1
'-1
1
'-1
1
'-1
1
1
1
'-1
1
'-1
1
'-1
1
'-1
1
1
'-1
1
'-1
1
'-1
1
1
'-1
1
'-1
1
1
1
'-1
1
'-1
1
'-1
1
'-1
1
'-1
1
'-1
1
'-1
1
'-1
1
'-1
1
'-1
1
'-1
1
1
1
'-1
1
'-1
1
'-1
1
'-1
1
1
1
1
1
1
1
1
1
1
1
1
1
1
1
1
1
1
1
1
1
1
1
1
1
1
1
1
1
1
1
1
1
1
1
1
1
1
1
1
1
1
1
1
1
1
1
'-1
1
'-1
1
'-1
1
'-1
1
1
1
1
1
1
1
1
1
1
1
1
1
1
1
1
1
1
1
1
1
1
1
1
1
1
1
1
1
1
1
1
1
1
1
1
1
1
1
1
1
1
1
1
1
1
1
1
1
1
1
1
1
1
1
1
1
1
1
1
1
'-1
'-1
1
'-1
1
1
1
1
1
'-1
1
1
1
1
1
1
1
1
1
1
1
1
'-1
1
1
1
1
'-1
1
1
1
1
'-1
1
1
1
1
1
1
'-1
1
1
1
1
'-1
1
1
1
'-1
1
'-1
1
'-1
1
1
1
'-1
1
'-1
1
'-1
1
1
1
1
1
1
1
1
1
1
1
1
'-1
1
1
1
1
1
1
1
1
1
'-1
1
1
'-1
1
1
1
1
1
1
1
1
1
1
1
1
1
1
1
1
1
1
1
'-1
1
'-1
1
1
1
1
1
1
1
1
1
1
1
1
1
'-1
1
'-1
1
1
1
1
1
'-1
1
1
1
1
'-1
1
1
1
1
1
1
1
1
1
1
1
1
1
1
'-1
1
1
1
1
1
1
'-1
1
'-1
1
1
'-1
1
1
'-1
1
'-1
1
'-1
1
1
'-1
1
'-1
1
1
'-1
1
'-1
1
'-1
1
1
1
1
1
1
1
1
'-1
1
1
1
1
'-1
1
1
'-1
1
1
'-1
1
'-1
1
'-1
1
1
'-1
'-1
1
1
1
1
1
1
1
'-1
1
1
'-1
1
'-1
1
1
'-1
1
1
1
'-1
1
1
1
'-1
1
1
1
1
1
'-1
1
'-1
1
'-1
1
'-1
1
'-1
1
1
1
1
'-1
1
'-1
1
'-1
1
'-1
1
1
'-1
1
'-1
1
'-1
1
'-1
1
'-1
1
'-1
1
'-1
1
'-1
1
'-1
1
'-1
1
'-1
1
'-1
1
'-1
1
'-1
1
'-1
1
'-1
1
'-1
1
1
'-1
1
'-1
1
'-1
1
'-1
1
'-1
1
'-1
1
'-1
1
'-1
1
'-1
1
1
'-1
1
'-1
1
'-1
1
'-1
1
'-1
1
'-1
1
'-1
1
'-1
1
'-1
1
'-1
1
'-1
1
'-1
1
'-1
1
'-1
1
'-1
1
'-1
1
'-1
1
'-1
1
'-1
1
'-1
1
'-1
1
'-1
1
'-1
1
'-1
1
1
'-1
1
'-1
1
'-1
1
'-1
1
1
1
'-1
1
'-1
1
'-1
1
1
1
'-1
1
'-1
1
'-1
1
1
1
'-1
1
'-1
1
'-1
1
'-1
1
'-1
1
1
'-1
1
'-1
1
'-1
1
'-1
1
'-1
1
'-1
1
'-1
1
'-1
1
'-1
1
1
1
1
1
'-1
1
'-1
1
'-1
1
'-1
1
1
'-1
1
1
'-1
1
'-1
1
1
'-1
1
'-1
1
'-1
1
1
'-1
1
1
'-1
1
1
'-1
1
'-1
1
1
'-1
1
1
'-1
1
'-1
1
'-1
1
'-1
1
'-1
1
1
'-1
1
'-1
1
1
1
1
1
1
1
1
'-1
1
'-1
1
'-1
1
'-1
1
'-1
1
'-1
1
'-1
1
'-1
1
'-1
1
1
1
'-1
1
'-1
1
1
1
1
'-1
1
'-1
1
'-1
1
'-1
1
'-1
1
1
'-1
1
'-1
1
1
'-1
1
1
1
1
1
'-1
1
'-1
1
1
'-1
1
'-1
1
'-1
1
'-1
1
1
1
1
'-1
1
'-1
1
'-1
1
'-1
1
'-1
1
'-1
1
'-1
1
'-1
1
'-1
1
'-1
1
'-1
1
'-1
1
'-1
1
'-1
1
'-1
1
'-1
1
'-1
1
'-1
1
1
'-1
1
'-1
1
1
1
1
'-1
1
'-1
1
1
1
1
1
1
1
1
1
1
1
1
1
1
1
1
1
1
1
1
1
'-1
1
'-1
1
'-1
1
1
'-1
1
'-1
1
1
'-1
1
'-1
1
1
1
1
'-1
1
'-1
1
'-1
1
1
1
'-1
1
1
1
1
'-1
1
'-1
1
1
1
'-1
'-1
'-1
'-1
'-1
'-1
'-1
1
'-1
1
'-1
1
'-1
1
1
1
'-1
1
'-1
1
1
'-1
'-1
1
'-1
1
1
1
'-1
1
'-1
1
'-1
1
'-1
1
'-1
1
'-1
1
'-1
1
'-1
1
'-1
1
'-1
'-1
1
'-1
1
'-1
1
'-1
1
'-1
1
1
1
1
1
1
1
1
1
1
1
1
1
1
1
1
1
1
1
1
1
1
1
1
1
1
1
1
1
1
1
1
1
1
1
1
1
1
1
1
1
1
1
1
1
1
1
1
1
1
1
1
1
1
1
1
1
1
1
1
1
1
1
1
1
1
1
1
1
1
1
1
1
1
1
'-1
1
'-1
1
'-1
1
'-1
1
1
1
1
1
1
1
1
1
1
1
1
1
1
1
1
1
1
1
1
1
1
1
1
1
1
1
1
1
1
1
'-1
1
'-1
1
'-1
1
'-1
1
'-1
1
'-1
1
1
'-1
1
'-1
1
'-1
1
'-1
1
'-1
1
'-1
1
'-1
1
'-1
1
'-1
1
'-1
1
'-1
1
'-1
1
'-1
1
'-1
1
'-1
1
'-1
1
'-1
1
'-1
1
'-1
1
'-1
1
1
1
1
1
1
1
1
1
1
'-1
1
'-1
1
'-1
1
1
1
1
1
1
1
'-1
1
'-1
1
'-1
1
1
1
1
1
1
1
1
1
1
1
1
1
1
1
1
1
1
1
1
1
1
1
1
1
1
1
1
1
1
1
1
1
1
1
1
1
1
0
1
1
1
0
1
1
1
1
1
1
1
1
1
1
1
1
1
1
1
1
1
1
1
1
1
0
1
1
1
1
1
1
1
1
'-1
0
0
0
0
0
0
0
1
0
0
1
0
0
0
0
0
0
0
0
0
0
0
0
0
0
0
0
0
0
0
0
0
0
0
0
0
0
0
1
