give site product codes:
give current site state (0/1):
give new product codes:
give new state:
-----------------------------------


changed state:

-----------------------------------
1131090212027
1113351120005
1114086219014
1114086219018
1110030120000
1114086219020
1114086219021
1112030119004
1110092120002
1110092120003
1110092120004
1110092120005
1731090215008
1110092120014
1112030120000
1127091218030
1714086219001
1710092119003
1111086219035
1131090214001
1131092110008
1113086118000
1113086118001
1131092110015
1113086118002
1113086118003
1113086118004
1113086118005
1113086118008
1131092110025
1131092116001
1131092116010
1114030120007
1131092119001
1719030116000
1131092119003
1131092119004
1139091118084
1719030120002
1719030120008
1719030120009
1719030120017
1119086119012
1719030120020
1719030120023
1731090217003
1128030218001
1769090115003
1122090214006
1122090214008
1122090120001
1122090120004
1122090120006
1131092115002
1131092115004
1113086218006
1133086217000
1133086217001
1133086217002
1714086119002
1133086217008
1133086217009
1133086217010
1133086217011
1133086217016
1133086217018
1133086217021
1133086217022
1133086217027
1116086217002
1116086217005
1116086217008
1133086217033
1719030219048
1719030219050
1110030119003
1110030119004
1110030119005
1110030119007
1110030119020
1110030119022
1113092120006
1122092219044
1122092219045
1122092219046
-----------------------------------


new products:

-----------------------------------
1128030120010
1128030120011
1716030118010
1769090117012
1769090117013
1769090117016
1769090117018
1131090212021
1131090212022
1133030220052
1133030220054
1133030220055
1133030220056
1133030220058
1133030220059
1769090117020
1122090219007
1769090117021
1769090117022
1769090117023
1122090219012
1122090219015
1122090219017
1122090219020
1122090219021
1122090219022
1122090219023
1122090219025
1122090219027
1122090219028
1114086219002
1114086219003
1113351120004
1114086219004
1114086219005
1122090219030
1122090219031
1113351120008
1113351120009
1122090219035
1113351120010
1113351120011
1113351120012
1113351120013
1114086219013
1113351120015
1113351120016
1114086219016
1113351120017
1113351120018
1113351120019
1113351120020
1113351120021
1712030215000
1113351120022
1712030215001
1113351120023
1712030215002
1113351120024
1712030215003
1712030215004
1712030215005
1712030215019
1712030218000
1712030218001
1712030218003
1712030215020
1110092119000
1110092119002
1110092119003
1110092119004
1110092119005
1110092119006
1110092119009
1110092119010
1110092119013
1110092119014
1110092119015
1110092119016
1110092119019
1110092119024
1169090119000
1752030115036
1122030218007
1122090220000
1122090220001
1122090220002
1122090220003
1122090220004
1122030218017
1122090220005
1122030218018
1122090220006
1122030218019
1122090220007
1113090219000
1113090219001
1113090219003
1113090219004
1113090219005
1122030218020
1113090219011
1113090219012
1117030120000
1113090219015
1117030120001
1117030120002
1110092119054
1117030120003
1110092119055
1117030120004
1110092119057
1117030120006
1110092119058
1117030120007
1110092119059
1117030120008
1169090119036
1169090119037
1164086111003
1714030117000
1714030117001
1714030117004
1714030117006
1714030117007
1714030117008
1110092119061
1110092119062
1117030120011
1115086110001
1169090119040
1169090119041
1728030217002
1728030217006
1728030217007
1113092118000
1113092118001
1117092119003
1117092119004
1761030215000
1761030215002
1761030215003
1761030215004
1761030215006
1761030215007
1761030215008
1761030215009
1115086116000
1728030217020
1761030215012
1761030215013
1761030215015
1761030215017
1761030215019
1111086118000
1116086219000
1116086219001
1116086219003
1116086219004
1116086219005
1110092120000
1116086219006
1116086219007
1116086219008
1116086219009
1116086219010
1116086219011
1116086219012
1116086219013
1731090215003
1116086219014
1116086219015
1116086219016
1116086219017
1731090215007
1116086219018
1110092120015
1728030217056
1127091218003
1728030217058
1127091218005
1728030217060
1728030217062
1728030217063
1127091218012
1127091218013
1110092120029
1169090120000
1127091218017
1169090120002
1127091218018
1169090120004
1169090120006
1169090120008
1710030217001
1710030217002
1110092120030
1110092120031
1728030217072
1127091218021
1728030217075
1127091218022
1127091218023
1127091218024
1714030218001
1169090120013
1169090120014
1169090120015
1133030218085
1133030218086
1133030218087
1133030218088
1728030217080
1127091218032
1127091218035
1713090118000
1169090120024
1164086215006
1714086219003
1714086219007
1714086219009
1111086213016
1111086213017
1111086213019
1111030218001
1111086219007
1117092120000
1117092120001
1113034220002
1113034220003
1113034220004
1113034220005
1113034220006
1111086219010
1111086219011
1111086219015
1111086219016
1111086219017
1111086219018
1122086213001
1712030116006
1712030116008
1712030116009
1716030117003
1716030117005
1716030117007
1111086219033
1712030119000
1712030119001
1712030119002
1712030119003
1712030119006
1116086220001
1712030119007
1131090214000
1716030117012
1712030119008
1716030117013
1116086220005
1131090214003
1131090214008
1111086219040
1111086219041
1111086219042
1111086219043
1111086219044
4000001116144
1769090119000
1111086219045
1769090119001
1111086219046
1111086219047
1111086219048
1769090119004
1111086219049
1769090119005
1111086219050
1111086219051
1111086219054
1111086219055
1111086219056
1131090217008
1111086219057
1769090119013
1131090217009
1769090119016
1769090119017
1769090119018
1769090119019
1131090217010
1131090217011
1114030217001
1131090217012
1131090217013
1131090217014
1131090217015
1131090217016
1131090217017
1716030117041
1122090218022
1122090218023
1716030117044
1122090218024
1716030117045
1122090218025
1122090218026
1122090218027
1717030120000
1717030120001
1717030120002
1717030120003
1717030120004
1717030120005
1122030119000
1122030119001
1122030119002
1122030119003
1112092120000
1112092120001
1131092116002
1611086112000
1611086112001
1114030120003
1114030120004
1719030116005
1719030116007
1711030117000
1711030117001
1711030117002
1711030117004
1761090215002
1761090215003
1114030120010
1719030116011
1719030116012
1719030116013
1719030116014
1111086220000
1111086220001
1111086220002
1111086220003
1111086220004
1716030218000
1719030119003
1716030218001
1111086220009
1719030119004
1716030218002
1719030119006
1719030119007
1719030119008
1116030113008
1719030116027
1111086220010
1719030116028
1719030116029
1116030113010
1111086220016
1719030119012
1116030113012
1111086220018
1719030119013
1719030119015
1719030119016
1719030119017
1719030119018
1719030119019
1133086117017
1719030116030
1719030116031
1719030116033
1719030116034
1719030116035
1719030116037
1111086220020
1719030116038
1719030116039
1111086220025
1719030119020
1111086220027
1111086220028
1111086220029
1133086117024
1133086117025
1719030116040
1111086220030
1111086220031
1113086216004
1712030120000
1712030120001
1712030120002
1110092118037
1110092118038
1110092118039
1113086219004
1113086219006
1113086219007
1110092118040
1110092118041
1110092118043
1113086219015
1113086219016
1127091119000
1113086219019
1127091119001
1127091119002
1127091119003
1127091119004
1127091119005
1127091119006
1127091119007
1113086219021
1122030120004
1122030120006
1122030120007
1122030120008
1122030120009
1719030217000
1719030217001
1719030217002
1711030215017
1719030217003
1719030217004
1719030217005
1719030217006
1719030217008
1719030217009
1714030119003
1714030119005
1714030119009
1719030217010
1719030217012
1719030217013
1719030217014
1714030119010
1714030119011
1714030119014
1133086218004
1133086218005
1110092219000
1719030217024
1139091118082
1719030217025
1139091118083
1719030217027
1110092219005
1110092219006
1110092219007
1110092219009
1110092219011
1110092219012
1761030217002
1110092219013
1761030217003
1761030217004
1139091118096
1110092219017
1110092219018
1110092219019
1761030217009
1116030217010
1133030120002
1112030219006
1133030120003
1133030120008
1133030120009
1110092219020
1119086119000
1110092219023
1119086119001
1119086119002
1110092219025
1110092219026
1119086119005
1110092219028
1110092219029
1169090219003
1169090219006
1169090219007
1112030219010
1169090219008
1169090219009
1112030219012
1719030120010
1719030120013
1133030120012
1133030120013
1112030219017
1179091119004
1133030120014
1112030219018
1722090215002
1179091119005
1722090215003
1133030120017
1722090215005
1179091119009
1119086119013
1110092219036
1110092219037
1110092219038
1110092219039
1169090219013
1169090219014
1169090219015
1112030219021
1112030219022
1133030120020
1133030120021
1112030219025
1133030120022
1112030219026
1133030120024
1133030120029
1133030217068
1731090217000
1719030120031
1133030120033
1133030120036
1133030120037
1133030120038
1713030117000
1133030120039
1713030117001
1133030217071
1133030217072
1133030217073
1133030217074
1133030217075
1133030217076
1133030217077
1133030217078
1133030120040
1133030120041
1133030120042
1133030120043
1133030120045
1133030120046
1133030120048
1133030120049
1133030217080
1133030217081
1133030217083
1133030217084
1133030217085
1118086111000
1133030217086
1118086111001
1133030217087
1118086111002
1118086111003
1118086111004
1118086111005
1133030120050
1133030120051
1133030120052
1133030120053
1112092118000
1112092118001
1133030120057
1112092118003
1133030120058
1112092118004
1112092118005
1127091120000
1127091120001
1127091120002
1127091120003
1127091120004
1127091120005
1127091120007
1127091120008
1127091120009
1122090119015
1122090119016
1122090119017
1122090119018
1122090119019
1127091120010
1127091120011
1127091120012
1127091120014
1127091120015
1127091120016
1127091120018
1122090119020
1122090119021
1122090119022
1122090119023
1122090119024
1122090119025
1122090119026
1122090119027
1122090119029
1127091120021
1127091120022
1127091120023
1714030120000
1127091120024
1714030120001
1127091120025
1714030120002
1714030120003
1127091120029
1119030219001
1119030219002
1122090119030
1128030218003
1122090119037
1122090119038
1127091120031
1127091120033
1127091120034
1127091120035
1127091120036
1127091120037
1127091120038
1127091120039
1111086218013
1110092220001
1110092220002
1127091120043
1110092220003
1110092220004
1110092220005
1127091120046
1110092220006
1110092220007
1110092220009
1122090211001
1110092220010
1110092220011
1110092220012
1110092220013
1110092220014
1130091119001
1110092220015
1130091119002
1130091119003
1110092220017
1130091119004
1110092220018
1130091119005
1110092220019
1130091119006
1130091119007
1130091119008
1130091119009
1713030215006
1769090115008
1769090115009
1111086218031
1111086218036
1111086218039
1110092220020
1110092220021
1110092220022
1110092220023
1130091119010
1769090115012
1769090115013
1716030119000
1130030119000
1769090115018
1716030119002
1122090211028
1112030220013
1130030119001
1716030119003
1114086119043
1122090211029
1112030220014
1130030119002
1716030119004
1130030119003
1716030119005
1130030119004
1716030119006
1130030119005
1716030119007
1130030119006
1716030119008
1130030119007
1130030119008
1130030119009
1769090118005
000000190014
000000190015
000000190016
1713090215003
1769090115023
1716030119010
1769090115027
1130030119010
1130030119011
1130030119012
1130030119013
1130030119014
1130030119015
1130030119017
1769090118014
1118086212003
1769090118015
1769090118016
1118086212005
1769090118017
1769090118018
1122090217011
1769090115030
1769090115031
1769090115032
1769090115033
1112092219000
1112092219001
1769090115035
1112092219002
1112092219003
1769090115037
1769090115039
1769090118020
1769090118022
1769090118023
1769090118024
1769090118025
1131090219004
1131090219005
1131090219006
1131090219007
1131090219008
1131090219009
1122090217027
1122090217028
1122090217029
1112092219011
1112092219015
1131090219010
1131090219013
1131090219014
1131090219015
1131090219016
1122090217030
1131090219017
1122090217031
1131090219018
1122090217032
1122090217033
1122090217034
1122090217035
1122090217036
1122090217037
1122090217038
1122090217039
1112092219022
1112092219026
1161092118003
1161092118004
1161092118005
1122090217040
1131092115008
1112092219031
1122090120012
1122090120013
1122090120014
1122090120015
1122090120016
1122090120017
1131092115010
1122090120018
1122090120019
1131092115013
1131092118000
1122090120020
1122090120021
1122090120022
1122090120023
1122090120024
1122090120025
1122090120026
1122090120027
1122090120028
1122090120029
1712030216000
1712030216001
000000700022
1122090120030
1122090120031
1122090120032
1719030118000
1122090120033
1719030118001
1122090120034
1719030118002
1122090120035
1719030118003
1719030118005
1719030118006
1719030118007
1719030118008
1711030119000
1719030118009
1711030119002
1711030119006
1711030119007
1711030119008
000000700032
000000700033
1137086117000
1761090217005
1137086117002
1137086117004
1137086117006
1137086117008
1719030118011
1719030118012
1719030118013
1719030118014
1719030118016
1719030118017
1719030118018
1719030118019
1113034119002
1113034119008
1187091120006
1187091120007
1187091120008
1187091120009
1137086117010
1719030118020
1719030118025
1719030118026
1719030118027
1719030118028
1719030118029
1187091120010
1187091120011
1187091120014
1187091120019
1752030119007
1114086120036
1719030118033
1761030118000
1761030118001
1187091120020
1187091120022
1752030119010
1130030120002
1130030120003
1130030120005
1139091118103
1116086119000
1116086119001
1116086119002
1116086119003
1122030219000
1122030219001
1122030219002
1122030219003
1122030219004
1116351120000
1122030219005
1116351120001
1122030219006
1116351120002
1122030219007
1116351120003
1122030219008
1116351120004
1122030219009
1116351120005
1116351120006
1116351120007
1116351120008
1116351120009
1112092220001
1112092220002
1112092220003
1112092220004
1116351120010
1112092220005
1116351120011
1131092213019
1112092220006
1116351120012
1122030219017
1112092220007
1116351120013
1122030219018
1116351120014
1122030219019
1127091115026
1127091115027
1127091115028
1131092213020
1131092213022
1122030219020
1122030219021
1122030219022
1122030219023
1122030219024
1122030219025
1131092213029
1131092216016
1131092216017
1710030117006
1710030117007
1710030117009
1131092219000
1110009021800
1131092219001
1131092219002
1719030216000
1110009021802
1131092219003
1110009021803
1131092219004
1110009021804
1719030216005
1131092219008
1719030216007
1131092213035
1710030117010
1710030117011
1131092219010
1131092219013
1131092219014
1131092219015
1131092219016
1719030216014
1131092213040
1719030216015
1131092219018
1719030219006
1119030114008
1719030219007
1119030114009
1131092219021
1131092219022
1131092219023
1131092219025
1131092219029
1115030116002
1719030216028
1719030219012
1719030219013
1122092118001
1133030219013
1719030219015
1133030219018
1752030217000
1131092219030
1131092219031
1131092219034
1719030216033
1131092219036
1719030216034
1719030216035
1131092219038
1131092219039
1719030216038
1719030216039
1719030219021
1719030219022
1719030219023
1112030218001
1131092219041
1131092219042
1131092219044
1719030216042
1711030120004
1131092219045
1711030120005
1719030216045
1719030216046
1131092219049
1719030216047
1719030216048
1116030219003
1116030219009
1719030219033
1133086217031
1133030219032
1133030219034
1169090218008
1133030219037
1128030119003
1719030216051
1719030216053
1719030216054
1719030216055
1719030216056
1116030219010
1116030219011
1116030219012
1133030219040
1133030219041
1133030219042
1152030118003
1719030219046
1169090218017
1169090218018
1133030219047
1127091216004
1169090218019
1133030219049
1127091216006
1127091216007
1127091216008
1127091216009
1719030216060
1719030216061
1719030216062
1719030216063
1719030216065
1719030216066
1722090217000
1719030216067
1719030216068
1169090218020
1752030120001
1133030219050
1169090218022
1133030219053
1752030120005
1127091216011
1169090218027
1169090218028
1133030219057
1169090218029
1133030219058
1133030219059
1710030215004
1710030215005
1710030215007
1752030120010
1169090218031
1169090218033
1169090218034
1169090218035
1710030215010
1131090114005
1131090114006
1131090114007
1131090114008
1131090114009
1713086117000
1713086117001
1713030119002
1710030218000
1710030218001
1710030218002
4000001116001
1122090118021
1122090118023
1122090118024
1122090118025
1122092219003
1122092219004
1122092219007
1122092219008
1122092219009
1111030219000
1111030219001
1111030219002
1111030219003
1111030219005
1111030219006
1111030219007
1111030219008
1122092219011
1122092219012
1122092219013
1122092219014
1122092219016
1122092219017
1122092219018
1133030220000
1133030220004
1133030220007
1133030220008
1111030219011
1111030219012
1111030219013
1111030219014
1111030219015
1111030219016
1111030219017
1113092120001
1122092219021
1122092219022
1122092219024
1113092120009
1122092219025
1122092219027
1133030220011
1133030220016
1133030220017
1133030220018
1111030219020
1111030219022
1111030219023
1111030219024
1113092120011
1113092120012
1113092120013
1113092120014
1122092219032
1152030219005
1133030220020
1122092219039
1133030220023
1133030220024
1133030220027
1122092219041
1122092219042
1122092219043
1712030117009
1131090212004
1131090212005
1716030118000
1716030118001
1128030120004
1716030118002
1128030120005
1716030118003
1128030120007
1713086215002
1130030118004
1716030118006
1130030118005
1769090117000
1716030118007
1769090117001
1716030118008
1769090117002
1716030118009
1769090117004
1769090117005
1712030117010
1769090117008
1712030117012
1712030117013
1712030117014
-----------------------------------


list of new states with respect to current product codes from site

-----------------------------------
1
1
1
1
1
1
1
1
1
1
1
1
1
1
1
1
1
1
1
1
1
1
1
1
1
1
1
1
1
1
1
1
1
1
1
1
1
1
1
1
1
1
1
1
1
1
1
1
1
1
1
1
1
1
1
1
1
1
1
1
1
1
1
1
1
1
1
1
1
1
1
1
1
1
1
1
1
1
1
1
1
1
1
1
1
1
1
1
1
1
1
1
1
1
1
1
1
1
1
1
1
1
1
1
1
1
1
1
1
1
1
1
1
1
1
1
1
1
1
1
1
1
1
1
1
1
1
1
1
1
1
1
1
1
1
1
1
1
1
1
1
1
1
1
1
1
1
1
1
1
1
1
1
1
1
1
1
1
1
1
1
1
1
1
1
1
1
1
1
1
1
1
1
1
1
1
1
1
1
1
1
1
1
1
1
1
1
1
1
1
1
1
1
1
1
1
1
1
1
1
1
1
1
1
1
1
1
1
1
1
1
1
1
1
1
1
1
1
1
1
1
1
1
1
1
1
1
1
1
1
1
1
1
1
1
1
1
1
1
1
1
1
1
1
1
1
1
1
1
1
1
1
1
1
1
1
1
1
1
1
1
1
1
1
1
1
1
1
1
1
1
1
1
1
1
1
1
1
1
1
1
1
1
1
1
1
1
1
1
1
1
1
1
1
1
1
1
1
1
1
1
1
1
1
1
1
1
1
1
1
1
1
1
1
1
1
1
1
1
1
1
1
1
1
1
1
1
1
1
1
1
1
1
1
1
1
1
1
1
1
1
1
1
1
1
1
1
1
1
1
1
1
1
1
1
1
1
1
1
1
1
1
1
1
1
1
1
1
1
1
1
1
1
1
1
1
1
1
1
1
1
1
1
1
1
1
1
1
1
1
1
1
1
1
1
1
1
1
1
1
1
1
1
1
1
1
1
1
1
1
1
1
1
1
1
1
1
1
1
1
1
1
1
1
1
1
1
1
1
1
1
1
1
1
1
1
1
1
1
1
1
1
1
1
1
1
1
1
1
1
1
1
1
1
1
1
1
1
1
1
1
1
1
1
1
1
1
1
1
1
1
1
1
1
1
1
1
1
1
1
1
1
1
1
1
1
1
1
1
1
1
1
1
1
1
1
1
1
1
1
1
1
1
1
1
1
1
1
1
1
1
1
1
1
1
1
1
1
1
1
1
1
1
1
1
1
1
1
1
1
1
1
1
1
1
1
1
1
1
1
1
1
1
1
1
1
1
1
1
1
1
1
1
1
1
1
1
1
1
1
1
1
1
1
1
1
1
1
1
1
1
1
1
1
1
1
1
1
1
1
1
1
1
1
1
1
1
1
1
1
1
1
1
1
1
1
1
1
1
1
1
1
1
1
1
1
1
1
1
1
1
1
1
1
1
1
1
1
1
1
1
1
1
1
1
1
1
1
1
1
1
1
1
1
1
1
1
1
1
1
1
1
1
1
1
1
1
1
1
1
1
1
1
1
1
1
1
1
1
1
1
1
1
1
1
1
1
1
1
1
1
1
1
1
1
1
1
1
1
1
1
1
1
1
1
1
1
1
1
1
1
1
1
1
1
1
1
1
1
1
1
1
1
1
1
1
1
1
1
1
1
1
1
1
1
1
1
1
1
1
1
1
1
1
1
1
1
1
1
1
1
1
1
1
1
1
1
1
1
1
1
1
1
1
1
1
1
1
1
1
1
1
1
1
1
1
1
1
1
1
1
1
1
1
1
1
1
1
1
1
1
1
1
1
1
1
1
1
1
1
1
1
1
1
1
1
1
1
1
1
1
1
1
1
1
1
1
1
1
1
1
1
1
1
1
1
1
1
1
1
1
1
1
1
1
1
1
1
1
1
1
1
1
1
1
1
1
1
1
1
1
1
1
1
1
1
1
1
1
1
1
1
1
1
1
1
1
1
1
1
1
1
1
1
1
1
1
1
1
1
1
1
1
1
1
1
1
1
1
1
1
1
1
1
1
1
1
1
1
1
1
1
1
1
1
1
1
1
1
1
1
1
1
1
1
1
1
1
1
1
1
1
1
1
1
1
1
1
1
1
1
1
1
1
1
1
1
1
1
1
1
1
1
1
1
1
1
1
1
1
1
1
1
1
1
1
1
1
1
1
1
1
1
1
1
1
1
1
1
1
1
1
1
1
1
1
1
1
1
1
1
1
1
1
1
1
1
1
1
1
1
1
1
1
1
1
1
1
1
1
1
1
1
1
1
1
1
1
1
1
1
1
1
1
1
1
1
1
1
1
1
1
1
1
1
1
1
1
1
1
1
1
1
1
1
1
1
1
1
1
1
1
1
1
1
1
1
1
1
1
1
1
1
0
1
1
1
1
1
1
1
1
1
1
1
1
1
1
1
1
1
1
1
1
1
1
1
1
1
1
1
1
1
1
1
1
1
1
1
1
1
1
1
1
1
1
1
1
1
1
1
1
1
1
1
1
1
1
1
1
1
1
1
1
1
1
1
1
1
1
1
1
1
1
1
1
1
1
1
1
1
1
1
1
1
1
0
1
1
1
1
1
1
1
1
1
1
1
1
1
1
1
1
1
1
1
1
1
1
1
1
1
1
1
1
1
1
1
1
1
1
1
1
1
1
1
1
1
1
1
1
1
1
1
1
1
1
1
1
1
1
1
1
1
1
1
1
1
1
1
1
1
1
1
1
1
1
1
1
1
1
1
1
1
1
1
1
1
1
1
1
1
1
1
1
1
1
1
1
1
1
1
1
1
1
1
1
1
1
1
1
1
1
1
1
1
1
1
1
1
1
1
1
1
1
1
1
1
1
1
1
1
1
1
1
1
1
1
1
1
1
1
1
1
1
1
1
1
1
1
1
1
1
1
1
1
1
1
1
1
1
1
1
1
1
1
1
1
1
1
1
1
1
1
1
1
1
1
1
1
1
1
1
1
1
1
1
1
1
1
1
1
1
1
1
1
1
1
1
1
1
1
1
1
1
1
1
1
1
1
1
1
1
1
1
1
1
1
1
1
0
0
1
1
1
1
1
1
1
1
1
1
1
1
1
1
1
1
1
1
1
1
1
1
1
1
1
1
1
1
1
1
1
1
1
1
1
1
1
1
1
1
1
1
1
1
1
1
1
1
1
1
1
1
1
1
1
1
1
1
1
1
1
1
1
1
1
1
1
1
1
1
1
1
1
1
1
1
1
1
1
1
1
1
1
1
1
1
1
1
1
1
1
1
1
1
1
1
1
1
1
1
1
1
1
1
1
1
1
1
1
1
1
1
1
1
1
1
1
1
1
1
1
1
1
1
1
1
1
1
1
1
1
1
1
1
1
1
1
1
1
1
1
1
1
1
1
1
1
1
1
1
1
1
1
1
1
1
1
1
1
1
1
1
1
1
1
1
1
1
1
1
1
1
1
1
1
1
1
1
1
1
1
1
1
1
1
1
1
1
1
1
1
1
1
1
1
1
1
1
1
1
1
1
1
1
1
1
1
1
1
1
1
1
1
1
1
1
1
1
1
1
1
1
1
1
1
1
1
1
1
1
1
1
1
1
1
1
1
1
1
1
1
1
1
1
1
1
1
1
1
1
1
1
1
1
1
1
1
1
1
1
1
1
1
1
1
1
1
1
1
1
1
1
1
1
1
1
1
1
1
1
1
1
1
1
1
1
1
1
1
0
1
1
1
1
1
1
1
1
1
1
1
1
1
1
1
1
1
1
1
1
1
1
1
1
1
1
1
1
1
1
1
1
1
1
1
1
1
1
1
1
1
1
1
1
1
1
1
1
1
1
1
1
1
1
1
1
1
1
1
1
1
1
1
1
1
1
1
1
1
1
1
1
1
1
1
1
1
1
1
1
1
1
1
1
1
1
1
1
1
1
1
1
1
1
1
1
1
1
1
1
1
1
1
1
1
1
1
1
1
1
1
1
1
1
1
1
1
1
1
1
1
1
1
1
1
1
1
1
1
1
1
1
1
1
1
1
1
1
1
1
1
1
1
1
1
1
1
1
1
1
1
1
1
1
1
1
1
1
1
1
1
1
1
1
1
1
1
1
1
1
1
1
1
1
1
1
1
1
1
1
1
1
1
1
1
1
1
1
1
1
1
1
1
1
1
1
1
1
1
1
1
1
1
1
1
1
1
1
1
1
1
1
1
1
1
1
1
1
1
1
1
1
1
1
1
1
1
1
1
1
1
1
1
1
1
1
1
1
1
1
1
1
1
1
1
1
1
1
1
1
1
1
1
1
1
1
1
1
1
1
1
1
1
1
1
1
1
1
1
1
1
1
1
1
1
1
1
1
1
1
1
1
1
1
1
1
1
1
1
1
1
1
1
1
1
1
1
1
1
1
1
1
1
1
1
1
1
1
1
1
1
1
1
1
1
1
1
1
1
1
1
1
1
1
1
1
1
1
1
1
1
1
1
1
1
1
1
1
1
1
1
1
1
1
1
1
1
1
1
1
1
1
1
1
1
1
1
1
1
1
1
1
1
1
1
1
1
1
1
1
1
1
1
1
1
1
1
1
1
1
1
1
1
1
1
1
1
1
1
1
1
1
1
1
1
1
1
1
1
1
1
1
1
1
1
1
1
1
1
1
1
1
1
1
1
1
1
1
1
1
1
1
1
1
1
1
1
1
1
1
1
1
1
1
1
1
1
1
1
1
1
1
1
1
1
1
1
1
1
1
1
1
1
1
1
1
1
1
1
1
1
1
1
1
1
1
1
1
1
1
1
1
1
1
1
1
1
1
1
1
1
1
1
1
1
1
1
1
1
1
1
1
1
1
1
1
1
1
1
1
1
1
1
1
1
1
1
1
1
1
1
1
1
1
1
1
1
1
1
1
1
1
1
1
1
1
1
1
1
1
1
1
1
1
1
1
1
1
1
1
1
1
1
1
1
1
1
1
1
1
1
1
1
1
1
1
1
1
1
1
1
1
1
1
1
1
1
1
1
1
1
1
1
1
1
1
1
1
1
1
1
1
1
1
1
1
1
1
1
1
1
1
1
1
1
1
1
1
1
1
1
1
1
1
1
1
1
1
1
1
1
1
1
1
1
1
1
1
1
1
1
1
1
1
1
1
1
1
1
1
1
1
1
1
1
1
1
1
1
1
1
1
1
1
1
1
1
1
1
1
1
1
1
1
1
1
1
1
1
1
1
0
1
1
1
1
1
1
0
1
1
1
1
1
1
1
1
1
1
1
1
1
1
1
0
1
0
0
0
1
0
1
0
0
1
0
1
1
1
1
1
1
1
1
0
0
0
0
1
1
1
1
1
1
1
1
0
1
1
1
1
1
1
1
1
1
1
1
1
1
1
1
1
1
1
1
0
1
1
1
0
1
1
1
1
0
0
1
1
1
1
1
1
0
0
0
0
0
0
0
0
0
0
1
1
0
1
1
1
1
1
1
1
1
1
0
1
1
1
1
1
1
1
1
1
1
0
0
1
1
1
0
1
1
1
1
1
1
1
1
1
1
1
1
1
1
1
1
1
1
1
1
1
1
1
1
1
1
1
1
1
1
0
1
0
0
1
1
1
1
1
1
1
1
0
1
0
1
0
1
1
1
1
0
1
1
1
1
0
1
1
0
1
0
1
1
1
1
1
0
1
0
1
1
1
1
1
1
1
1
1
1
1
1
0
0
0
1
1
1
1
1
1
1
0
1
1
0
1
1
1
1
1
1
1
1
1
1
1
1
1
1
1
1
1
1
1
1
1
1
1
1
1
1
1
1
1
1
1
1
1
1
1
1
1
0
0
1
1
1
1
1
1
1
1
1
1
1
1
1
1
1
1
1
1
1
1
1
1
0
0
1
0
1
0
0
0
0
1
1
0
0
0
1
1
1
1
1
1
0
0
0
1
1
1
0
0
0
0
0
1
0
0
0
1
1
1
0
1
1
1
1
0
1
1
0
1
1
1
1
1
1
1
1
1
1
1
1
1
1
1
1
1
1
1
1
1
1
1
1
1
1
1
1
1
1
1
1
1
1
1
1
1
1
1
1
1
1
1
1
1
1
1
1
1
1
1
1
1
1
0
1
1
1
1
1
1
1
1
1
1
1
1
1
1
1
1
1
1
1
1
0
0
1
1
1
1
1
1
1
0
1
1
1
1
0
0
0
1
1
1
1
0
1
0
1
0
1
1
1
1
0
1
0
1
1
1
1
1
1
1
1
1
1
0
1
0
1
1
0
1
1
1
1
1
1
1
1
1
1
1
1
1
1
1
1
1
1
1
1
1
1
1
1
1
1
1
