give site product codes and stop with '0':
give current site state (0/1) and stop with '2':
give new product codes and stop with '0':
give new state and stop with '0':
-----------------------------------


changed state (15):

-----------------------------------
1131092110017
1131092110025
1719030120003
1133086217011
1111086220032
1115086110000
1115030116000
1115030116001
1115030116003
1131090214005
1112030119004
1179091119001
1133030120057
1139091118105
1122090217009
-----------------------------------


new products (392):

-----------------------------------
1113034119001
1119086220000
1119086220001
1119086220002
1119086220003
1112092220022
1112092220023
1117030120000
1117030120001
1117030120002
1117030120003
1117030120004
1117030120008
4000001156002
1131092219000
1118086212001
1118086212002
1118086212005
1131092219010
1131092219016
1113086220014
1113086220015
1113086220016
1113086220017
1113086220018
1113086220019
1131092219036
1131092219042
1116086120000
1116086120001
1117092220000
1117092220001
1022090218000
1022090218001
000000190014
000000190015
000000190016
1122092220001
1719030118000
1719030118001
1719030118002
1719030118003
1719030118005
1719030118006
1719030118007
1719030118008
1719030118009
1110092219000
1110092219005
1110092219006
1110092219007
1761090215002
1761090215003
1761090215006
1110092219040
1122090119015
1122090119016
1122090119017
1122090119018
1122090119019
1122090119021
1122090119022
1122090119023
1122090119024
1111086213016
1111086213018
1122090119037
1122090119038
1130030119010
1719030120030
1719030120031
1719030120032
1719030120034
1164086217000
1131090217009
1131090217013
1131090217015
1110009222000
1110009222001
1110009222002
1110009222003
1110009222004
1116030214000
1111086219010
1111086219044
1713086117000
1713086117001
1122086220000
1110086117000
1769090115018
1130091119001
1130091119002
1130091119003
1130091119004
1130091119005
1130091119006
1130091119007
1130091119008
1130091119009
1130091119010
1133086217012
1133086217013
1133086217014
1133086217015
1133086217031
1116030117018
1116030117020
1113092118000
1113092118001
1122090118023
1122090118025
1111030219009
1133030220053
1133030220054
1116086219007
1116351120002
1119086119006
1119086119007
1119086119008
1119086119009
1113092120001
1122090120015
1113092120009
1122090120020
1122090120022
1113092120013
1122090120023
1122090120024
1122090120025
1122090120026
1122090120027
1122090120028
1122090120029
1122090120030
1122090120031
1122090120032
1122090120033
1122090120034
1122090120035
1110092220065
1110092220066
1110092220067
1110092220068
1110092220069
1110092220070
1719030219009
1719030219012
1719030219015
1719030219018
1719030219021
1719030219024
1110086116002
1722090217000
1719030219032
1719030219033
1719030219034
1719030219035
1133030217066
1113090219002
1122030218019
1719030219040
1719030219042
1113090219008
1719030219043
1719030219045
1719030219046
1719030219047
1111086220007
1111086220009
1719030116001
1719030116002
1111086220010
1111086220015
1719030116011
1719030116012
1719030116013
1719030116014
1719030116025
1719030116027
1719030116028
1719030116029
1117092119011
1117092119012
1111086220038
1111086220039
1719030116030
1117092119014
1719030116031
1117092119015
1719030116032
1719030116033
1719030116034
1719030116038
1719030116039
1719030116040
1117086217000
1117030220015
1030090115001
1030090115002
1164086215006
1717030120002
1110030116022
1110030116023
1111030220006
1114030120003
1114030120004
1113086118006
1116030218018
1122092118001
1113086120000
1113086120001
1113086120002
1113086120004
1113086120005
1113086120007
1115030116002
1769090119001
1116086217003
1769090119004
1769090119005
1116086217007
1710030215004
1769090119018
1769090119019
1116030220004
1116030220009
1716030118002
1716030118007
1176086219001
1176086219004
1176086219005
1113034220001
1113034220002
1113034220003
1113034220005
1113034220007
1113034220013
1110008612002
1110008612003
1131086114000
1131086114001
1055092219004
1055092219007
1055092219008
1055092219009
1112030119003
1112030119006
1112030119007
1110092119020
1110092119022
1110092119025
1110092119029
1164086111000
1164086111003
1115086220000
1719030217001
1719030217006
1719030217007
1719030217008
1719030217010
1719030217011
1719030217013
1719030217021
1719030217024
1719030217026
1719030217029
1722090215002
1722090215003
1133086120000
1133086120001
1133086120002
1133086120004
1133086120005
1133086120006
1133086120007
1116030217010
1116030217018
1122090218023
1112092219001
1112092219002
1112092219003
1118086111000
1118086111001
1118086111002
1118086111003
1118086111004
1118086111005
1769090118005
1122086120000
1122086120002
1122086120003
1769090118022
1769090118023
1769090118024
1761090217005
1133030120006
1122090211001
1133030120015
1714030119014
4000001116025
1110092118039
1113351120009
1122090211028
1133030120038
1133030120039
1110092118043
1113351120011
1133030120041
1113351120015
1113351120016
1133030120043
1133030120045
1176086220000
1176086220001
1176086220002
1176086220006
1176086220007
1176086220008
1133030120050
1176086220009
1133030120051
1719030216000
1719030216007
1176086220010
1176086220011
1176086220012
1710030117009
1176086220013
1719030216010
1719030216027
1131090219004
1131090219006
1131090219007
1131090219008
1131090219010
1131090219011
1131090219012
1122092219003
1131090219013
1131090219014
1131090219015
1122092219006
1131090219016
1131090219017
1719030216045
1131090219018
1719030216046
1719030216047
4000001166086
1122092219012
1719030216050
1122092219016
1122092219022
1719030216061
1719030216062
1719030216063
1122092219026
1719030216065
1719030216066
1719030216067
1122092219032
1122092219036
1122092219042
1122090217027
1122090217028
1122090217029
1122090217030
1122090217031
1122090217032
1110092120032
1111086118000
1122090217033
1122090217035
1122090217036
1122090217037
1122090217038
1122090217039
1122090217040
1110092120040
1116030113013
1022090219005
1022090219006
1022090219007
1719030119004
1719030119005
1719030119007
1719030119008
1719030119013
1719030119016
1719030119017
1719030119019
1719030119020
-----------------------------------


list of new states with respect to current product codes from site

-----------------------------------
0
1
1
1
1
1
1
1
1
1
1
1
1
1
1
1
1
1
1
1
1
1
1
1
1
1
1
1
1
1
1
1
1
1
1
1
1
1
1
1
1
1
1
1
1
1
1
1
1
1
1
1
1
1
1
1
1
1
1
1
1
1
1
1
1
1
1
1
1
1
1
1
1
1
1
1
1
1
1
1
1
1
1
1
1
1
1
1
1
1
1
1
1
1
1
1
1
1
1
1
1
1
1
1
1
1
1
1
1
1
1
1
1
1
1
1
1
1
1
1
1
1
1
1
1
1
1
1
1
1
1
1
1
1
1
1
1
1
1
1
1
1
1
1
1
1
1
1
1
1
1
1
1
1
1
1
1
1
1
1
1
1
1
1
1
1
1
1
1
1
1
1
1
1
0
1
1
1
1
1
1
1
1
1
1
1
1
1
1
1
1
1
1
1
1
1
1
1
1
1
1
1
1
1
1
1
1
1
1
1
1
1
1
1
1
1
1
1
1
1
1
1
1
1
1
1
1
1
1
1
1
1
1
1
1
1
1
1
1
1
1
1
1
1
1
1
1
1
1
1
1
1
1
1
1
1
1
1
1
1
1
1
1
1
1
1
1
1
1
1
1
1
1
1
1
1
1
1
1
1
1
1
1
1
1
1
1
1
1
1
1
1
1
1
1
1
1
1
1
1
1
1
1
1
1
1
1
1
1
0
0
1
1
1
1
1
1
1
1
1
1
1
1
1
1
1
1
1
1
1
1
1
1
1
1
1
1
1
1
1
1
1
1
1
1
1
1
1
1
1
1
1
1
1
1
1
1
1
1
1
1
1
1
1
1
1
1
1
1
1
1
1
1
1
1
1
1
1
1
1
1
1
1
0
0
1
0
1
0
1
0
0
1
0
1
1
1
0
1
0
1
0
1
1
1
0
1
0
1
0
1
1
1
0
1
1
1
0
1
1
1
0
1
1
0
1
1
0
1
1
0
1
1
0
1
1
0
1
1
0
1
1
0
1
1
0
1
1
0
1
1
1
1
1
1
1
1
1
1
1
1
1
1
1
1
1
1
1
1
1
1
1
1
1
1
1
1
1
1
1
1
1
1
1
1
1
1
1
1
1
1
1
1
1
1
1
1
1
1
1
1
1
1
1
1
1
1
1
1
1
1
1
1
1
1
1
1
1
1
1
1
1
1
1
1
1
1
1
1
1
1
1
1
1
1
1
1
1
1
1
1
1
1
1
1
1
1
1
1
1
1
1
1
1
1
1
1
1
1
1
1
1
1
1
1
1
1
1
1
1
1
1
1
1
1
1
1
1
1
1
1
1
1
1
1
1
1
1
1
1
1
1
1
1
1
1
1
1
1
1
1
1
1
1
1
1
1
1
1
1
1
1
1
1
1
1
1
1
1
1
1
1
1
1
1
1
1
1
1
1
1
1
1
1
1
1
1
1
1
1
1
1
1
1
1
1
1
1
1
1
1
1
1
1
1
1
1
1
1
1
1
1
1
1
1
1
1
1
1
1
1
1
1
1
1
1
1
1
1
1
1
1
1
1
1
1
1
1
1
1
1
1
1
1
1
1
1
1
1
1
1
1
1
1
1
1
1
1
1
1
1
1
1
1
1
1
1
1
1
1
1
1
1
1
1
1
1
1
1
1
1
1
1
1
1
1
1
1
1
1
1
1
1
1
1
1
1
1
1
1
1
1
1
1
1
1
1
1
1
1
1
1
1
1
1
1
1
1
1
1
1
1
1
1
1
1
1
1
1
1
1
1
1
1
1
1
1
1
1
1
1
1
1
1
1
1
1
1
1
1
1
1
0
0
1
1
1
1
1
1
1
1
1
1
1
1
1
1
1
1
1
1
1
1
1
1
1
1
0
1
1
1
1
1
1
1
1
1
1
1
1
1
1
1
1
1
1
1
1
1
1
1
1
1
1
1
1
1
1
1
1
1
1
1
1
1
1
1
1
1
1
1
1
1
1
1
1
1
1
1
1
0
1
1
1
1
1
1
1
1
1
1
1
1
1
1
1
1
1
1
1
1
1
1
1
1
1
1
1
0
1
1
0
1
1
1
1
1
1
1
1
1
1
1
1
1
1
1
1
1
1
1
1
1
1
1
1
1
1
1
1
1
1
0
1
1
1
1
1
1
1
0
1
1
0
1
1
1
1
1
1
0
0
0
0
1
1
1
0
0
0
1
1
1
1
1
1
1
1
1
1
1
1
1
1
1
1
1
1
1
1
1
1
1
1
1
1
1
1
1
1
1
1
1
1
1
1
1
1
1
1
1
1
1
1
1
1
1
1
1
1
1
1
1
1
1
1
1
1
1
1
1
1
1
1
1
1
1
1
1
1
1
1
1
1
1
1
1
1
1
1
1
1
1
1
1
1
1
1
1
0
1
1
1
1
1
1
1
1
1
1
1
1
1
1
1
1
1
1
1
1
1
1
1
1
1
0
0
1
1
1
0
0
0
0
0
0
0
0
0
1
0
0
0
0
0
0
0
0
0
0
0
0
0
0
0
0
0
0
0
0
0
0
0
0
0
0
0
0
0
0
1
0
0
0
0
0
0
0
0
1
1
1
1
1
1
1
1
1
1
1
1
1
0
0
1
0
0
0
0
0
0
1
1
1
1
1
1
1
1
1
1
1
1
1
1
1
1
1
1
1
1
1
1
1
1
1
1
1
1
1
1
1
1
1
1
1
1
1
1
1
1
1
1
1
1
1
1
1
1
1
1
1
1
1
1
1
1
1
1
1
1
1
1
1
1
1
1
1
1
1
1
1
1
1
1
1
1
1
1
1
1
1
1
1
1
1
1
1
1
1
1
1
1
1
1
1
1
1
1
1
1
1
1
1
1
1
1
1
1
1
1
1
1
1
1
1
1
1
1
1
1
1
1
1
1
1
1
1
1
1
1
1
1
1
1
1
1
1
1
1
1
1
1
1
1
1
1
1
1
1
1
1
1
1
1
1
1
1
1
1
1
1
1
1
1
1
1
1
1
1
1
1
1
1
1
1
1
1
1
1
1
1
1
1
1
1
1
1
1
1
1
1
1
1
1
1
1
1
1
1
1
1
1
1
1
1
1
1
1
1
1
1
1
1
1
1
1
1
1
1
1
1
1
1
1
1
1
1
1
1
1
1
1
1
1
1
1
1
1
1
1
1
1
1
1
1
1
1
1
1
1
1
1
1
1
1
1
1
1
1
1
1
1
1
1
1
1
1
1
1
1
1
1
1
1
1
1
1
1
1
1
1
1
1
1
1
1
1
1
1
1
1
1
1
1
1
1
1
1
1
1
1
1
1
1
1
1
1
1
1
1
1
1
1
1
1
1
1
1
1
1
1
1
1
1
1
1
1
1
1
1
1
1
1
1
1
1
1
1
1
1
1
1
1
1
1
1
1
1
1
1
1
1
1
1
1
1
1
1
1
1
1
1
1
1
1
1
1
1
1
1
1
1
1
1
1
1
1
1
1
1
1
1
1
1
1
1
1
1
1
1
1
1
1
1
1
1
1
1
1
1
1
1
1
1
1
1
1
1
1
1
1
1
1
1
1
1
1
1
1
1
1
1
1
1
1
1
1
1
1
1
1
1
1
1
1
1
1
1
1
1
1
1
1
1
1
1
1
1
1
1
1
1
1
1
1
1
1
1
1
1
1
1
1
1
1
1
1
1
1
1
1
1
1
1
1
1
1
1
1
1
1
1
1
1
1
1
1
1
1
1
1
1
1
1
1
1
1
1
1
1
1
1
1
1
1
1
1
1
1
1
1
1
1
1
1
1
1
1
1
1
1
1
1
1
1
1
'-1
1
1
1
1
1
1
1
1
1
1
1
1
1
1
1
1
1
1
1
1
1
1
1
1
1
1
1
1
1
1
1
1
1
1
1
1
1
1
1
1
1
1
1
1
1
1
1
1
1
1
1
1
1
1
1
1
1
1
'-1
1
1
1
1
1
1
1
1
1
1
1
1
1
1
1
1
1
1
1
1
1
1
1
1
1
1
1
1
1
1
1
1
1
1
1
0
0
1
0
1
1
1
1
1
0
0
0
0
1
0
1
0
0
1
1
1
1
0
0
1
1
1
1
1
1
1
1
1
1
1
1
1
1
1
0
1
0
1
1
1
1
1
1
1
1
1
1
1
1
1
1
1
1
1
1
1
1
1
1
1
0
1
0
1
1
1
1
0
1
0
1
1
1
1
1
1
1
1
1
1
1
1
1
1
0
1
1
0
0
1
0
0
1
1
1
1
1
1
1
1
1
1
1
0
1
1
1
0
1
1
1
0
1
0
1
0
0
0
1
0
1
0
1
0
1
0
0
0
1
1
1
0
0
1
1
1
1
1
1
0
1
1
1
0
1
1
0
1
1
0
1
0
1
1
1
0
1
1
1
1
1
1
1
1
1
0
1
1
1
1
1
1
1
1
1
1
1
1
1
1
1
1
1
1
1
1
1
1
0
0
1
'-1
'-1
'-1
'-1
'-1
'-1
1
1
1
1
1
0
1
1
1
0
0
0
1
1
1
1
1
0
1
1
1
1
1
1
'-1
'-1
'-1
'-1
'-1
'-1
'-1
'-1
'-1
'-1
'-1
1
1
1
1
0
0
0
'-1
'-1
'-1
1
1
1
1
1
1
1
1
1
0
1
0
1
1
1
1
1
1
1
1
1
1
1
1
1
1
1
1
1
1
1
1
1
1
'-1
'-1
'-1
'-1
'-1
'-1
'-1
1
1
1
1
1
1
1
1
1
1
1
1
1
1
0
0
0
0
0
0
0
0
0
0
0
0
0
'-1
'-1
'-1
'-1
'-1
'-1
'-1
'-1
1
1
1
1
1
1
1
1
1
1
1
0
0
0
0
0
1
0
0
0
0
0
0
0
1
1
1
0
0
0
0
0
1
1
1
0
0
0
0
0
1
1
1
0
0
0
0
0
0
1
1
0
0
0
0
0
1
1
1
1
0
0
0
0
1
1
1
1
1
0
0
0
0
0
0
0
0
1
0
0
0
0
0
1
1
1
0
0
1
'-1
'-1
'-1
0
0
0
0
0
0
0
0
0
0
0
0
0
0
0
0
1
1
0
'-1
'-1
'-1
'-1
'-1
'-1
'-1
'-1
'-1
'-1
'-1
'-1
'-1
'-1
'-1
'-1
'-1
'-1
'-1
'-1
'-1
'-1
'-1
'-1
'-1
'-1
'-1
'-1
'-1
'-1
'-1
'-1
'-1
'-1
'-1
'-1
'-1
'-1
'-1
'-1
'-1
'-1
'-1
'-1
'-1
'-1
'-1
'-1
'-1
'-1
'-1
'-1
'-1
'-1
'-1
'-1
'-1
'-1
'-1
'-1
'-1
'-1
'-1
'-1
'-1
'-1
'-1
'-1
'-1
'-1
'-1
'-1
'-1
'-1
'-1
'-1
'-1
'-1
'-1
'-1
'-1
'-1
'-1
'-1
'-1
'-1
'-1
'-1
'-1
'-1
'-1
'-1
'-1
'-1
'-1
'-1
'-1
'-1
'-1
'-1
'-1
0
0
1
1
1
1
1
1
1
1
0
0
1
1
1
1
1
1
'-1
'-1
'-1
'-1
'-1
'-1
'-1
'-1
'-1
'-1
'-1
'-1
'-1
'-1
'-1
'-1
'-1
'-1
'-1
'-1
'-1
'-1
'-1
'-1
'-1
'-1
'-1
0
0
0
0
0
0
0
0
1
1
0
0
1
1
1
'-1
1
1
1
1
1
1
1
1
1
1
1
1
1
1
1
0
1
1
0
'-1
'-1
'-1
'-1
'-1
'-1
'-1
'-1
1
'-1
'-1
'-1
'-1
'-1
'-1
'-1
'-1
'-1
'-1
'-1
'-1
'-1
'-1
'-1
'-1
1
1
1
1
1
'-1
1
1
'-1
'-1
'-1
'-1
'-1
'-1
'-1
'-1
'-1
'-1
'-1
'-1
'-1
'-1
'-1
'-1
'-1
'-1
'-1
'-1
'-1
'-1
'-1
'-1
'-1
'-1
'-1
'-1
'-1
'-1
'-1
'-1
'-1
'-1
'-1
'-1
'-1
'-1
'-1
'-1
'-1
'-1
'-1
'-1
'-1
'-1
'-1
'-1
'-1
'-1
'-1
'-1
'-1
'-1
'-1
'-1
'-1
'-1
'-1
'-1
'-1
'-1
'-1
'-1
'-1
'-1
'-1
'-1
'-1
'-1
'-1
'-1
'-1
'-1
'-1
'-1
'-1
'-1
'-1
'-1
'-1
'-1
'-1
'-1
'-1
'-1
'-1
'-1
'-1
'-1
'-1
'-1
'-1
'-1
'-1
'-1
'-1
'-1
'-1
'-1
'-1
'-1
'-1
'-1
'-1
'-1
'-1
'-1
'-1
'-1
'-1
'-1
'-1
'-1
'-1
'-1
'-1
'-1
'-1
'-1
'-1
'-1
'-1
'-1
'-1
'-1
'-1
'-1
'-1
'-1
'-1
'-1
'-1
'-1
'-1
'-1
'-1
'-1
'-1
'-1
'-1
'-1
'-1
'-1
'-1
'-1
'-1
'-1
'-1
'-1
'-1
'-1
'-1
'-1
'-1
'-1
'-1
'-1
'-1
'-1
'-1
'-1
'-1
'-1
'-1
'-1
'-1
'-1
'-1
'-1
'-1
'-1
'-1
'-1
'-1
'-1
'-1
'-1
'-1
'-1
'-1
'-1
'-1
'-1
'-1
'-1
'-1
'-1
'-1
'-1
'-1
'-1
'-1
'-1
'-1
'-1
'-1
'-1
'-1
'-1
'-1
'-1
'-1
'-1
'-1
'-1
'-1
'-1
'-1
'-1
'-1
'-1
'-1
'-1
'-1
'-1
'-1
'-1
'-1
'-1
'-1
'-1
'-1
'-1
'-1
'-1
'-1
'-1
'-1
'-1
'-1
'-1
'-1
'-1
'-1
'-1
'-1
'-1
'-1
'-1
'-1
'-1
'-1
'-1
'-1
'-1
'-1
'-1
'-1
'-1
'-1
'-1
'-1
'-1
'-1
'-1
'-1
'-1
'-1
'-1
'-1
'-1
'-1
'-1
'-1
'-1
'-1
'-1
'-1
'-1
'-1
'-1
'-1
'-1
'-1
'-1
'-1
'-1
'-1
'-1
'-1
'-1
'-1
'-1
'-1
'-1
'-1
'-1
'-1
'-1
'-1
'-1
'-1
'-1
'-1
'-1
'-1
'-1
'-1
'-1
'-1
'-1
'-1
'-1
'-1
'-1
'-1
'-1
'-1
'-1
'-1
'-1
'-1
'-1
'-1
'-1
'-1
'-1
'-1
'-1
'-1
'-1
'-1
'-1
'-1
'-1
'-1
'-1
'-1
'-1
'-1
'-1
'-1
'-1
'-1
'-1
'-1
'-1
'-1
'-1
'-1
'-1
'-1
'-1
'-1
'-1
'-1
'-1
'-1
'-1
'-1
'-1
'-1
'-1
'-1
'-1
'-1
'-1
'-1
'-1
'-1
'-1
'-1
'-1
'-1
'-1
'-1
'-1
'-1
'-1
'-1
'-1
'-1
'-1
'-1
'-1
'-1
'-1
'-1
'-1
'-1
'-1
'-1
'-1
'-1
'-1
0
1
0
0
0
0
0
0
1
0
0
0
1
0
0
0
1
1
1
0
1
0
1
0
1
0
0
0
1
0
0
0
0
0
0
0
0
0
0
0
0
0
0
0
0
1
0
0
0
0
0
1
0
1
1
1
0
0
0
1
1
0
1
0
0
0
1
0
1
0
0
0
0
1
1
1
1
0
1
0
1
1
1
1
0
1
1
1
1
1
1
1
0
1
1
0
1
1
1
1
1
1
0
1
1
1
0
1
1
1
0
1
1
1
0
0
0
0
0
0
0
1
0
0
0
0
0
0
0
0
0
0
0
0
0
0
0
0
1
0
1
1
0
0
0
1
0
0
0
0
1
1
0
1
1
1
1
1
0
1
0
1
1
1
1
1
1
1
1
1
1
1
1
1
1
1
1
1
1
1
1
1
0
0
0
0
0
0
0
0
0
0
0
0
0
0
0
0
0
0
0
0
0
0
0
0
0
0
0
0
0
0
0
0
0
0
0
0
0
1
0
0
0
0
0
0
0
1
0
0
1
1
1
1
1
1
1
0
1
0
1
0
1
1
1
1
1
1
1
1
1
1
1
1
1
1
1
1
1
1
1
1
1
1
1
1
1
1
1
1
1
1
1
1
1
1
0
1
1
0
0
1
1
1
1
1
0
1
1
0
1
0
1
1
0
1
0
0
1
1
1
0
0
0
1
1
0
0
0
0
1
0
0
1
1
1
1
0
0
0
1
1
0
0
1
1
1
1
1
0
1
1
1
0
0
1
1
1
1
1
1
1
1
1
1
1
1
1
0
1
1
1
1
1
1
1
1
1
1
1
1
1
1
1
1
1
1
0
1
1
1
0
0
1
1
1
1
1
1
1
0
1
1
1
0
1
1
1
1
1
0
0
1
1
1
1
0
0
0
0
0
1
0
0
1
0
0
0
0
0
0
0
0
0
0
0
1
0
0
0
0
1
0
1
1
1
1
1
1
1
1
1
1
1
1
1
1
1
1
1
1
1
1
1
1
1
1
1
1
1
0
0
1
1
1
1
1
1
1
1
1
1
1
1
1
1
1
1
1
1
1
1
1
1
1
1
1
1
1
1
1
1
0
1
1
1
1
1
1
1
1
1
0
0
0
0
1
1
0
0
0
0
0
'-1
0
0
0
0
0
'-1
1
0
0
0
0
0
1
'-1
0
1
0
0
0
1
1
'-1
0
0
0
0
0
0
0
'-1
0
0
0
0
0
0
0
'-1
1
1
0
0
1
0
1
'-1
1
1
1
0
1
0
1
'-1
1
1
1
1
1
1
1
1
1
1
1
1
1
1
1
1
1
1
1
1
1
1
1
1
1
1
1
1
0
0
0
0
0
0
0
0
1
1
0
0
1
0
0
0
0
0
1
0
0
1
0
1
1
0
1
1
0
0
1
0
1
1
0
0
0
0
0
0
1
0
1
1
1
1
0
0
1
0
1
1
1
1
1
1
1
0
1
1
1
0
0
1
0
0
0
0
0
0
0
1
1
1
1
1
1
1
1
1
1
1
1
1
1
1
1
1
1
1
1
'-1
'-1
'-1
'-1
1
1
1
1
1
1
1
1
1
1
1
1
1
1
1
1
1
1
1
1
1
1
1
0
0
0
0
1
1
1
0
1
1
0
0
0
1
1
0
1
1
1
0
1
1
1
0
0
1
1
1
0
1
1
1
1
1
1
1
1
1
1
1
1
1
'-1
'-1
'-1
1
1
1
1
1
1
1
1
1
1
1
1
1
1
1
1
1
1
1
1
1
1
1
1
1
1
1
1
1
1
1
1
1
1
1
1
1
1
1
1
1
1
1
1
1
1
1
1
1
1
1
1
1
1
1
'-1
1
1
1
1
1
1
1
1
1
1
1
1
1
1
1
1
1
1
1
1
1
1
1
1
1
1
1
1
1
1
1
1
1
1
1
1
1
1
1
1
1
1
1
1
1
1
1
1
1
1
1
1
1
1
1
1
1
1
1
1
1
1
1
1
1
1
1
1
1
1
1
1
1
1
1
1
0
1
1
1
1
1
1
1
1
1
1
1
1
1
1
1
1
1
1
1
1
1
1
1
1
1
1
1
1
1
1
1
1
1
1
1
1
1
1
1
1
1
1
1
1
1
1
1
1
1
1
1
1
1
1
1
1
1
1
1
1
1
1
1
1
1
1
1
1
1
1
0
1
1
0
0
0
0
0
0
0
0
0
0
0
0
0
0
0
0
0
0
0
0
0
0
0
0
0
0
0
0
0
0
0
0
0
0
0
0
0
0
0
0
0
0
0
0
0
0
0
0
0
0
1
'-1
1
1
1
1
1
1
1
1
1
0
0
0
0
0
0
0
0
0
0
0
0
0
'-1
1
0
0
1
0
1
1
1
1
1
1
1
1
1
1
1
1
1
1
1
1
1
1
1
1
1
1
1
1
1
1
1
1
1
0
0
0
0
0
0
0
0
0
0
0
0
1
1
1
1
1
1
1
1
1
1
1
1
1
0
0
0
0
0
0
0
0
0
0
0
0
0
0
0
0
0
0
0
0
0
0
0
0
0
1
1
0
1
1
0
1
1
0
1
0
1
1
0
1
0
1
1
0
1
1
1
0
0
1
1
1
0
0
1
0
1
1
1
0
1
0
1
1
1
1
1
0
1
1
1
0
1
0
1
1
0
1
0
1
1
1
1
1
1
0
1
1
1
1
0
0
1
1
1
1
0
1
1
1
0
1
0
1
1
1
1
1
1
0
1
1
1
0
0
0
0
0
0
0
0
0
0
0
1
1
1
1
1
1
1
0
0
0
0
0
0
0
0
0
0
1
0
0
0
1
1
1
1
0
1
0
0
1
0
0
1
0
1
1
1
1
1
1
0
0
0
1
1
1
0
1
1
1
0
0
0
0
0
0
0
0
0
0
0
1
1
1
1
0
1
1
1
1
1
1
1
0
0
1
1
1
1
0
0
1
1
1
1
1
1
1
1
1
0
0
1
0
0
0
0
1
0
0
0
1
0
1
0
0
0
0
0
0
1
1
0
1
0
1
1
0
1
0
1
1
1
1
1
1
1
1
1
1
1
1
1
1
1
'-1
1
1
1
1
1
1
1
0
1
1
1
1
0
0
1
1
1
1
1
1
1
1
1
1
1
1
1
1
1
1
1
1
1
1
1
1
1
1
1
0
0
0
0
0
0
0
'-1
'-1
'-1
1
1
1
1
1
1
1
1
1
1
1
1
1
1
1
1
1
1
1
1
1
1
1
1
1
1
1
1
1
1
1
1
1
1
1
1
1
1
1
1
1
1
1
1
1
1
1
1
1
1
1
1
1
1
1
1
1
1
1
1
1
1
1
1
1
1
1
1
1
1
1
1
1
1
1
1
1
1
1
1
1
1
1
1
1
1
1
1
1
1
1
1
1
0
1
1
1
1
1
1
1
1
1
1
1
1
1
1
1
1
1
1
1
1
1
1
1
1
1
1
1
1
1
1
1
1
1
1
1
1
1
1
1
1
1
1
1
1
1
1
1
1
1
1
1
1
1
1
1
1
1
1
1
1
1
1
1
1
1
1
1
1
1
1
1
1
1
1
1
1
1
1
1
1
1
1
1
1
1
1
1
1
1
1
1
1
1
1
1
1
1
1
1
1
1
1
1
0
0
1
1
1
1
1
1
1
1
1
1
1
1
1
1
1
1
1
1
1
1
1
0
1
1
0
0
0
1
1
0
1
1
0
0
1
1
0
1
1
0
0
1
0
1
1
1
0
0
1
0
1
0
0
1
1
0
1
0
1
0
0
1
0
1
1
1
1
1
1
1
1
0
0
0
1
1
1
1
0
1
1
0
1
0
0
0
0
1
1
1
0
0
0
0
1
1
0
0
1
1
1
1
1
0
0
1
0
0
0
1
1
0
0
0
1
0
1
1
1
1
0
1
1
1
0
1
1
1
1
1
1
0
0
1
1
1
1
1
1
1
1
1
1
1
1
1
1
1
1
1
1
1
0
1
1
0
0
1
0
1
0
1
1
0
1
1
1
0
0
0
0
1
1
0
0
0
0
1
1
0
1
0
1
0
1
1
1
1
0
1
0
1
1
1
1
1
0
0
1
1
1
1
0
1
0
0
0
1
0
1
1
1
1
0
0
1
1
0
0
1
0
0
1
1
0
0
0
0
0
1
1
0
1
0
1
1
1
1
0
1
1
0
1
1
1
1
1
1
0
1
1
0
0
1
1
0
0
1
1
0
0
0
1
0
0
1
1
1
1
0
0
1
1
0
0
0
1
0
0
1
1
0
1
1
1
0
0
1
1
0
0
1
1
1
0
0
1
1
0
0
0
0
0
0
0
0
1
1
1
1
1
1
1
1
1
1
1
1
1
1
1
1
1
1
0
1
0
0
1
0
0
0
1
0
0
0
0
0
0
0
1
0
1
1
0
1
1
1
1
1
1
1
1
1
1
1
1
1
1
1
1
1
1
1
1
1
1
1
1
1
1
1
1
1
1
1
1
1
1
1
1
1
1
1
1
0
1
1
0
1
1
1
1
1
1
1
1
0
0
0
1
1
1
1
1
1
0
1
1
1
1
1
1
0
1
1
1
1
1
1
1
1
1
1
1
1
1
1
1
1
1
1
1
1
1
1
1
1
1
1
0
0
0
0
0
0
0
0
0
1
0
1
1
1
1
0
1
1
1
1
0
0
1
0
1
0
0
1
1
1
0
1
0
0
1
1
1
1
1
0
0
1
1
0
1
0
0
1
0
0
0
0
1
0
0
1
1
1
1
1
1
1
1
0
1
0
0
0
1
0
0
0
0
1
1
1
1
0
1
1
0
1
1
1
1
1
1
1
1
0
0
0
0
1
1
1
1
1
1
1
1
1
1
1
0
1
1
0
0
0
1
1
1
0
1
0
0
1
0
0
1
1
1
1
1
1
1
1
1
1
1
0
0
0
0
1
1
1
1
1
1
1
1
1
1
1
1
1
1
1
1
0
0
0
1
0
1
0
1
0
0
1
1
1
1
0
0
0
0
0
0
1
0
1
0
0
1
0
1
1
1
1
1
0
1
1
1
1
1
1
1
1
1
1
1
1
1
1
1
0
0
1
1
0
0
1
1
0
1
0
0
0
1
1
1
1
1
1
0
0
1
1
1
1
0
1
1
0
0
0
0
1
1
1
0
0
1
1
0
0
0
0
1
0
1
0
1
0
0
1
0
0
0
1
1
1
0
1
1
0
0
1
1
1
1
1
1
1
1
0
0
0
0
0
1
1
1
0
1
1
0
1
1
1
1
1
1
0
1
0
0
0
0
0
1
1
1
0
1
1
1
1
1
1
1
0
1
1
1
0
1
0
1
1
0
1
1
1
0
0
1
1
1
1
1
0
0
1
1
0
1
0
0
0
0
0
0
1
1
1
1
1
1
1
1
1
1
1
1
1
1
1
1
1
1
1
1
1
1
1
1
1
1
1
1
1
1
1
1
1
1
1
1
1
0
0
1
1
0
0
1
0
1
1
0
1
1
0
1
1
1
1
0
0
0
1
1
0
1
0
1
1
0
0
0
0
0
1
1
1
1
1
1
1
0
0
0
0
0
0
0
1
1
0
0
1
1
1
1
1
1
1
0
1
1
1
1
1
1
0
0
1
1
1
1
0
0
0
0
0
0
0
1
1
0
0
1
1
0
0
0
0
0
0
0
0
0
0
1
1
1
1
1
0
1
1
0
0
1
0
1
0
0
0
0
0
0
0
0
1
1
1
1
0
1
1
0
1
1
1
0
0
0
0
0
1
1
1
0
1
1
0
0
0
0
0
0
0
1
0
0
0
1
0
0
0
0
0
1
0
0
0
0
0
0
0
0
0
0
1
1
1
1
1
1
1
1
1
0
1
1
1
1
0
0
0
1
1
0
0
1
1
1
1
0
1
1
1
1
1
1
1
0
0
1
1
0
1
1
1
1
1
1
1
1
1
1
1
1
1
1
1
1
1
0
0
1
0
0
0
1
1
1
0
1
1
0
1
0
1
1
1
1
0
1
1
1
1
1
1
1
1
1
1
0
1
0
1
1
1
1
1
1
1
1
1
1
1
0
1
1
1
0
0
0
1
1
1
0
1
0
1
0
1
1
1
1
1
1
1
0
0
0
0
0
1
0
0
1
1
1
1
1
1
1
1
1
1
1
1
1
0
0
1
0
1
0
0
1
1
1
0
0
1
1
1
1
1
1
1
1
1
1
1
1
1
1
1
1
1
1
1
1
1
1
1
1
1
1
1
1
1
1
1
1
1
1
1
1
1
1
1
1
1
1
1
1
1
1
1
1
1
1
1
1
1
1
1
1
1
1
1
1
1
1
1
1
1
1
1
1
1
1
1
1
1
1
1
1
1
1
1
1
1
1
1
1
1
1
1
1
1
1
1
1
1
1
1
1
1
1
1
1
1
1
1
1
1
1
1
1
1
1
1
1
1
1
1
1
1
1
1
1
1
1
1
1
1
1
1
1
1
1
1
1
1
1
1
1
1
1
1
1
1
1
1
1
1
1
1
1
1
1
1
1
1
1
1
1
1
1
1
1
1
1
1
1
1
1
1
1
1
1
1
1
1
1
1
1
1
1
1
1
1
1
1
1
1
1
1
1
1
1
1
1
1
1
1
1
1
1
1
1
1
1
1
1
1
1
1
1
1
1
1
1
1
1
1
1
1
1
1
1
1
1
1
1
1
1
1
1
1
1
1
1
1
1
1
1
1
1
1
1
1
1
1
1
1
1
1
1
1
1
1
1
1
1
1
1
1
1
1
1
1
1
1
1
1
1
1
1
1
1
1
1
1
1
1
1
1
1
1
1
1
1
1
1
1
0
1
1
1
1
1
1
1
1
1
1
1
1
1
1
1
1
1
1
1
1
1
1
1
1
1
1
1
1
1
1
1
1
1
1
1
1
1
1
1
1
1
1
1
1
1
1
1
1
1
1
1
1
1
1
1
1
1
1
1
1
1
1
1
0
1
1
1
1
1
1
1
1
1
1
1
1
1
1
1
1
1
1
1
1
1
1
1
1
1
1
1
1
1
1
1
1
1
1
1
1
1
1
1
1
1
1
1
1
1
1
1
1
1
1
1
1
1
1
1
1
1
1
1
1
1
1
1
1
1
1
1
1
1
1
1
1
1
1
1
1
1
1
1
1
1
1
1
1
1
1
1
1
1
1
1
1
1
1
1
1
1
1
1
1
1
1
1
1
1
1
1
1
1
1
1
1
1
1
1
1
1
1
1
1
1
1
1
1
1
1
1
1
1
0
1
0
1
0
1
1
1
1
1
1
1
1
1
1
1
1
1
1
1
1
1
1
1
1
1
1
1
1
1
1
1
1
1
1
1
1
1
1
1
1
1
1
1
0
1
1
1
1
1
1
1
1
1
1
1
1
1
1
1
1
1
1
1
0
1
1
1
1
1
1
1
1
1
1
1
1
1
1
1
1
1
1
1
1
1
1
1
1
1
1
1
1
1
1
1
1
1
1
1
1
1
1
1
1
1
1
1
1
1
1
1
1
1
1
1
1
1
1
1
1
1
1
1
1
1
1
1
1
1
1
1
1
1
1
1
1
1
1
1
1
1
1
1
1
1
1
1
1
1
1
1
1
1
1
1
1
1
1
1
1
1
1
1
1
1
1
1
1
1
1
1
1
1
1
1
1
1
1
1
1
1
1
1
1
1
1
1
1
1
1
1
1
1
1
1
1
1
1
1
1
1
1
1
1
1
1
1
1
1
1
1
1
1
1
1
1
1
1
1
1
1
1
1
1
1
1
1
1
1
1
1
1
1
1
1
1
1
1
1
1
1
1
1
1
1
1
1
1
1
1
1
1
1
1
1
1
1
1
1
1
1
1
1
1
1
1
1
1
1
1
1
1
1
1
1
1
1
1
1
1
1
1
1
1
1
1
1
1
1
1
0
1
1
1
1
1
1
1
1
1
1
1
1
1
1
1
1
1
1
1
1
1
1
1
1
0
1
1
1
1
1
1
1
1
1
1
1
1
1
1
1
1
1
1
1
1
1
1
1
1
1
1
1
1
1
1
1
1
1
1
1
1
1
1
1
1
1
1
1
1
1
1
1
1
1
1
1
1
1
1
1
1
1
1
1
1
1
1
1
1
1
1
1
1
1
1
1
1
1
1
1
1
1
1
1
1
1
1
1
1
1
1
1
1
1
1
1
1
1
1
1
1
1
1
1
1
1
1
1
1
1
1
1
1
1
1
1
1
1
1
1
1
1
1
1
1
1
1
1
1
1
1
1
1
1
1
1
1
1
1
1
1
1
1
1
1
1
1
1
1
1
1
1
1
1
1
1
1
1
1
1
1
1
1
1
1
1
1
1
1
1
1
1
1
1
1
1
1
1
1
1
1
1
1
1
1
1
1
1
1
1
1
1
1
1
1
1
1
1
1
1
1
1
1
1
1
1
1
1
1
1
1
1
1
1
1
1
1
1
1
1
1
1
1
1
1
1
1
1
1
1
1
1
1
1
1
1
1
1
1
1
1
1
1
1
1
1
1
1
1
1
1
1
1
1
1
1
1
1
1
1
1
1
1
1
1
1
1
1
1
1
1
1
1
1
1
1
1
1
1
1
1
1
1
1
1
1
1
1
1
1
1
1
1
1
1
1
1
1
1
1
1
1
1
1
1
1
1
1
1
1
1
1
1
1
1
1
1
1
1
1
1
1
1
1
1
1
1
1
1
1
1
1
1
1
1
1
1
1
1
1
1
1
1
1
1
1
1
1
1
1
1
1
1
1
1
1
1
1
1
1
1
1
1
1
1
1
1
1
1
1
1
1
1
1
1
1
1
1
1
1
1
1
1
1
1
1
1
1
1
1
1
1
1
1
1
1
1
1
1
1
1
1
1
1
1
1
1
1
1
1
1
1
1
1
1
1
1
1
1
1
1
1
1
0
1
1
1
1
1
1
1
1
1
1
1
1
1
1
1
1
1
1
1
1
1
1
1
1
1
1
1
1
1
1
1
1
1
1
1
1
1
1
1
1
1
1
1
1
1
1
1
1
1
1
1
1
1
1
1
1
1
1
1
1
1
1
1
1
1
1
1
1
1
1
1
1
1
1
1
1
1
1
1
1
1
1
1
1
1
1
1
1
1
1
1
1
1
1
1
1
1
1
1
1
1
1
1
1
1
1
1
1
1
1
1
1
1
1
1
1
1
1
1
1
1
1
1
1
1
1
1
1
1
1
1
1
1
1
1
1
1
1
1
1
1
1
1
1
1
1
1
1
1
1
1
1
1
1
1
1
1
1
1
1
1
1
1
1
1
1
1
1
1
1
1
1
1
1
1
1
1
1
1
1
1
1
1
1
1
1
1
1
1
1
1
1
1
1
1
1
1
1
1
1
1
1
1
1
1
1
1
1
1
1
1
1
1
1
1
1
1
1
1
1
1
1
1
1
1
1
1
1
1
1
1
1
1
1
1
1
1
1
1
1
1
1
1
1
1
1
1
1
1
1
1
1
1
1
1
1
1
1
1
1
1
1
1
1
1
1
1
1
1
1
1
1
1
1
1
1
1
1
1
1
1
1
1
1
1
1
1
1
1
1
1
1
1
1
1
1
1
1
1
1
1
1
1
1
1
1
1
1
1
1
1
1
1
1
1
1
1
1
1
1
1
1
1
1
1
1
1
1
1
1
1
1
1
1
1
1
1
1
1
1
1
1
1
1
1
1
1
1
1
1
1
1
1
1
1
1
1
1
1
1
1
1
1
1
1
1
1
1
1
1
1
1
1
1
1
1
1
1
1
1
1
1
1
1
1
1
1
1
1
1
1
1
1
1
1
1
1
1
1
1
1
1
1
1
1
1
1
1
1
1
1
1
1
1
1
1
1
1
1
1
1
1
1
1
1
1
1
1
1
1
1
1
1
1
1
1
1
1
1
1
1
1
1
1
1
1
1
1
1
1
1
1
1
1
1
1
1
1
1
1
1
1
1
1
1
1
1
1
1
1
1
1
1
1
1
1
1
1
1
1
1
1
1
1
1
1
1
1
1
1
1
1
1
1
1
1
1
1
1
1
1
1
1
1
1
1
1
1
1
1
1
1
1
1
1
1
1
1
1
1
1
1
1
1
1
1
1
1
1
1
1
1
1
1
1
1
1
1
1
1
1
1
1
1
1
1
1
1
1
1
1
1
1
1
1
1
1
1
1
1
1
1
1
1
1
1
1
1
1
1
1
1
1
1
1
1
1
1
1
1
1
1
1
1
1
1
1
1
1
1
1
1
1
1
1
1
1
1
1
1
1
1
1
1
1
1
1
1
1
1
1
1
1
1
1
1
1
1
1
1
1
1
1
1
1
1
1
1
1
1
1
1
1
1
1
1
1
1
1
1
1
1
1
1
1
1
1
1
1
1
1
1
1
1
1
1
1
1
1
1
1
1
1
1
1
1
1
1
1
1
1
1
1
1
1
1
1
1
1
1
1
1
1
1
1
1
1
1
1
1
1
1
1
1
1
1
1
1
1
1
1
1
1
1
1
1
1
1
1
1
1
1
1
1
1
1
1
1
1
1
1
1
1
1
1
1
1
1
1
1
1
1
1
1
1
1
1
1
1
1
1
1
1
1
1
1
1
1
1
1
1
1
1
1
1
1
1
1
1
1
1
1
1
1
1
1
1
1
1
1
1
1
1
1
1
1
1
1
1
1
1
1
1
1
1
1
1
1
1
1
1
1
1
1
1
1
1
1
1
1
1
1
1
1
1
1
1
1
1
1
1
1
1
1
1
1
1
1
1
1
1
1
1
1
1
1
1
1
1
1
1
1
1
1
1
1
1
1
1
1
1
1
1
1
1
1
1
1
1
1
1
1
1
1
1
1
1
1
1
1
1
1
1
1
1
1
1
1
1
1
1
1
1
1
1
1
1
1
1
1
1
1
1
1
1
1
1
1
1
1
1
1
1
1
1
1
1
1
1
1
1
1
1
1
1
1
1
1
1
1
1
1
1
1
1
1
1
1
1
1
1
1
1
1
1
1
1
1
1
1
1
1
1
1
1
1
1
1
1
1
1
1
1
1
1
1
1
1
1
1
1
1
1
1
1
1
1
1
1
1
1
1
1
1
1
1
1
1
1
1
1
1
1
1
1
1
1
1
1
1
1
1
1
1
1
1
1
1
1
1
1
1
1
1
1
1
1
1
1
1
1
1
1
1
1
1
1
1
1
1
1
1
1
1
1
1
1
1
1
1
1
1
1
1
1
1
1
1
1
1
1
1
1
1
1
1
1
1
1
1
1
1
1
1
1
1
1
1
1
1
1
1
1
1
1
1
1
1
1
1
1
1
1
1
1
1
1
1
1
1
1
1
1
1
1
1
1
1
1
1
1
1
1
1
1
1
1
1
1
1
1
1
1
1
1
1
1
1
1
1
1
1
1
1
1
1
1
1
1
1
1
1
1
1
1
1
1
1
1
1
1
1
1
1
1
1
1
1
1
1
1
1
1
1
1
1
1
1
1
1
1
1
1
1
1
1
1
1
1
1
1
1
1
1
1
1
1
1
1
1
1
1
1
1
1
1
1
1
1
1
1
1
1
1
1
1
1
1
1
1
1
1
1
1
1
1
1
1
1
1
1
1
1
1
1
1
1
1
1
1
1
1
1
1
1
1
1
1
1
1
1
1
1
1
1
1
1
1
1
1
1
1
1
1
1
1
1
1
1
1
1
1
1
1
1
1
1
1
1
1
1
1
1
1
1
1
1
1
1
1
1
1
1
1
1
1
1
1
1
1
1
1
1
1
1
1
1
1
1
1
1
1
1
1
1
1
1
1
1
1
1
1
1
1
1
1
1
1
1
1
1
1
1
1
1
1
1
1
1
1
1
1
1
1
1
1
1
1
1
1
1
1
1
1
1
1
1
1
1
1
1
1
1
1
1
1
1
1
1
1
1
1
1
1
1
1
1
1
1
1
1
1
1
1
1
1
1
1
1
1
1
1
1
1
1
1
1
1
1
1
1
1
1
1
1
1
1
1
1
1
1
1
1
1
1
1
1
1
1
1
1
1
1
1
1
1
1
1
1
1
1
1
1
1
1
1
1
1
1
1
1
1
1
1
1
1
1
1
1
1
1
1
1
1
1
1
1
1
1
1
1
1
1
1
1
1
1
1
1
1
1
1
1
1
1
1
1
1
1
1
1
1
1
1
1
1
1
1
1
1
1
1
1
1
1
1
1
1
1
1
1
1
1
1
1
1
1
1
1
1
1
1
1
1
1
1
1
1
1
1
1
1
1
1
1
1
1
1
1
1
1
1
1
1
1
1
1
1
1
'-1
'-1
'-1
'-1
'-1
'-1
'-1
'-1
'-1
'-1
1
1
1
1
1
1
1
1
1
1
1
1
1
1
1
1
1
1
1
1
1
1
1
1
1
1
1
1
1
1
1
1
1
1
1
1
1
1
1
1
1
1
1
1
1
1
1
1
1
1
1
1
1
1
1
1
1
1
1
1
1
1
1
1
1
1
1
1
1
1
1
1
1
1
1
1
1
1
1
1
1
1
1
1
1
1
1
1
1
1
1
1
1
1
1
1
1
1
1
1
1
1
1
1
1
1
1
1
1
1
1
1
1
1
1
1
1
1
1
1
1
1
1
1
1
1
1
1
1
1
1
1
1
1
1
1
1
1
1
1
1
1
1
1
1
1
1
1
1
1
1
1
1
1
1
1
1
1
1
1
1
1
1
1
1
1
1
1
1
1
1
1
1
1
1
1
1
1
1
1
1
1
1
1
1
1
1
1
1
1
1
1
1
1
1
1
1
1
1
1
1
1
1
1
1
1
1
1
1
1
1
1
1
1
1
1
1
1
1
1
1
1
1
1
1
1
1
1
1
1
1
1
1
1
1
1
1
1
1
1
1
1
1
1
1
1
1
1
1
1
1
1
1
1
1
1
1
1
1
1
1
1
1
1
1
1
1
1
1
1
1
1
1
1
1
1
1
1
1
1
1
1
1
1
1
1
1
1
1
1
1
1
1
1
1
1
1
1
1
1
1
1
1
1
1
1
1
1
1
1
1
1
1
1
1
1
1
1
1
1
1
1
1
1
1
1
1
1
1
1
1
1
1
1
1
1
1
1
1
1
1
1
1
1
1
1
1
1
1
1
1
1
1
1
1
1
1
1
1
1
1
1
1
1
1
1
1
1
1
1
1
1
1
1
1
1
1
1
1
1
1
1
1
1
1
1
1
1
1
1
1
1
1
1
1
1
1
1
1
1
1
1
1
1
1
1
1
1
1
1
1
1
1
1
1
1
1
1
1
1
1
1
1
1
1
1
1
1
1
1
1
1
1
1
1
1
1
1
1
1
1
1
1
1
1
1
1
1
1
1
1
1
1
1
1
1
1
1
1
1
1
1
1
1
1
1
1
1
1
1
1
1
1
1
1
1
1
1
1
1
1
1
1
1
1
1
1
1
1
1
1
1
1
1
1
1
1
1
1
1
1
1
1
1
1
1
1
1
1
1
1
1
1
1
1
1
1
1
1
1
1
1
1
1
1
1
1
1
1
1
1
1
1
1
1
1
1
1
1
1
1
1
1
1
1
1
1
1
1
1
1
1
1
1
1
1
1
1
1
1
1
1
1
1
1
1
1
1
1
1
1
1
1
1
1
1
1
1
1
1
1
1
1
1
1
1
1
1
1
1
1
1
1
1
1
1
1
1
1
1
1
1
1
1
1
1
1
1
1
1
1
1
1
1
1
1
1
1
1
1
1
1
1
1
1
1
1
1
1
1
1
1
1
1
1
1
1
1
1
1
1
1
1
1
1
1
1
1
1
1
1
1
1
1
1
1
1
1
1
1
1
1
1
1
1
1
1
1
1
1
1
1
1
1
1
1
1
1
1
1
1
1
1
1
1
1
1
1
1
1
1
1
1
1
1
1
1
1
1
1
1
1
1
1
1
1
1
1
1
1
1
1
1
1
1
1
1
1
1
1
1
1
1
1
1
1
1
1
1
1
1
1
1
1
1
1
1
1
1
1
1
1
1
1
1
1
1
1
1
1
1
1
1
1
1
1
1
1
1
1
1
1
1
1
1
1
1
1
1
1
1
1
1
1
1
1
1
1
1
1
1
1
1
0
0
1
1
1
1
1
1
1
1
1
1
1
1
1
1
0
0
'-1
1
1
1
1
1
1
'-1
'-1
'-1
'-1
'-1
'-1
'-1
'-1
'-1
'-1
1
'-1
1
1
1
1
1
1
1
1
1
1
1
1
1
1
1
1
1
1
1
'-1
'-1
'-1
1
1
1
1
1
1
1
1
1
1
1
1
1
1
1
1
1
1
1
1
1
1
1
1
1
1
1
1
1
1
1
1
1
1
1
1
1
1
1
1
1
1
1
1
1
1
1
1
1
1
1
1
1
1
1
1
1
1
1
1
1
1
1
1
1
1
1
0
1
1
0
0
0
0
1
1
1
1
1
1
1
1
1
1
1
1
1
1
1
1
1
1
1
1
1
1
1
1
1
1
1
1
1
1
1
1
1
1
1
1
1
1
1
1
1
1
1
1
1
1
1
1
1
1
1
1
1
1
1
1
1
1
1
1
1
1
1
1
1
1
1
1
1
1
1
1
1
1
1
1
1
1
1
1
1
1
1
1
1
1
1
1
1
1
1
1
1
1
1
1
1
1
1
1
1
1
1
1
1
1
1
1
1
1
1
1
1
1
1
1
1
1
1
1
1
1
1
1
1
1
1
1
1
1
1
1
1
1
1
1
1
1
1
1
1
1
1
1
1
1
1
1
1
1
1
1
1
1
1
1
1
1
1
1
1
1
1
1
1
1
1
1
1
1
1
1
1
1
1
1
1
1
1
1
1
1
1
1
1
1
1
1
1
1
1
1
1
1
1
1
1
1
1
1
1
1
1
1
1
1
1
1
1
1
1
1
1
1
1
1
1
1
1
1
1
1
1
1
1
1
1
1
1
1
1
1
1
1
1
1
1
1
1
1
1
1
1
1
1
1
1
1
1
1
1
1
1
1
1
1
1
1
1
1
1
1
1
1
1
1
1
1
1
1
1
1
1
1
1
1
1
1
1
1
1
1
1
1
1
1
1
1
1
1
1
1
'-1
'-1
1
1
1
'-1
'-1
'-1
1
1
1
1
'-1
'-1
1
1
1
'-1
'-1
'-1
1
1
'-1
'-1
'-1
'-1
'-1
'-1
1
1
1
1
1
'-1
1
1
1
1
1
1
1
1
1
1
1
1
1
1
1
1
1
1
1
1
1
1
1
1
1
1
1
1
1
1
1
1
1
1
1
1
1
1
1
1
1
1
1
1
1
1
1
1
1
1
1
1
1
1
1
1
1
1
1
1
1
1
1
1
1
1
1
1
1
1
1
1
1
1
1
1
1
1
1
1
1
1
1
1
1
1
1
1
1
1
1
1
1
1
1
1
1
1
1
1
1
1
1
1
1
1
1
1
1
1
1
1
1
1
1
1
1
1
1
1
1
1
1
1
1
1
1
1
1
1
1
1
1
1
1
1
1
1
1
1
1
1
1
1
1
1
1
1
1
1
1
1
1
1
1
1
1
1
1
1
1
1
1
1
1
1
1
1
1
1
1
1
1
1
1
1
1
1
1
1
1
1
1
1
1
1
1
1
1
1
1
1
1
1
1
1
1
1
1
1
1
1
1
1
1
1
1
1
1
1
1
1
1
1
1
1
1
1
1
1
1
1
1
1
1
1
1
1
1
1
1
1
1
1
1
1
1
1
1
1
1
1
1
1
1
1
1
1
1
1
1
1
1
1
1
1
1
1
1
1
1
1
1
1
1
1
1
1
1
1
1
1
1
1
1
1
1
1
1
1
1
1
1
1
1
1
1
1
1
1
1
1
1
1
1
1
1
1
1
1
1
1
1
1
1
1
1
1
1
1
1
1
1
1
1
1
1
1
1
1
1
1
1
1
1
1
1
1
1
1
1
1
1
1
1
1
1
1
1
1
1
1
1
1
1
1
1
1
1
1
1
1
1
1
1
1
1
1
1
1
1
1
1
1
1
1
1
1
1
1
1
1
1
1
1
1
1
1
1
1
1
1
1
1
1
1
1
1
1
1
1
1
1
1
1
1
1
1
1
1
1
1
1
1
1
1
1
1
1
1
1
1
1
1
1
1
1
1
1
1
1
1
1
1
1
1
1
1
1
1
1
1
1
1
1
1
1
1
1
1
1
1
1
1
1
1
1
1
1
1
1
1
1
1
1
1
1
1
1
1
1
1
1
1
1
1
1
1
1
1
1
1
1
1
1
1
1
1
1
1
1
1
1
1
1
1
1
1
1
1
1
1
1
1
1
1
1
1
1
1
1
1
1
1
1
1
1
1
1
1
1
1
1
1
1
1
1
1
1
1
1
1
1
1
1
1
1
1
1
1
1
1
1
1
1
1
1
1
1
1
1
1
1
1
1
1
1
1
1
1
1
1
1
1
1
1
1
1
1
1
1
1
1
1
1
1
1
1
1
1
1
1
1
1
1
1
1
1
1
1
1
1
1
1
1
1
1
1
1
1
1
1
1
1
1
1
1
1
1
1
1
1
1
1
1
1
1
1
1
1
1
1
1
1
1
1
1
1
1
1
1
1
1
1
1
1
1
1
1
1
1
1
1
1
1
1
1
1
1
1
1
1
1
1
1
1
1
1
1
1
1
1
1
1
1
1
1
1
1
1
1
1
1
1
1
1
1
1
1
1
1
1
1
1
1
1
1
1
1
1
1
1
1
1
1
1
1
1
1
1
1
1
1
1
1
1
1
1
1
1
1
1
1
1
1
1
1
1
1
1
1
1
1
1
1
1
1
1
1
1
1
1
1
1
1
1
1
1
1
1
1
1
1
1
1
1
1
1
1
1
1
1
1
1
1
1
1
1
1
1
1
1
1
1
1
1
1
1
1
1
1
1
1
1
1
1
1
1
1
1
1
1
1
1
1
1
1
1
1
1
1
1
1
1
1
1
1
1
1
1
1
1
1
1
1
1
1
1
1
1
1
1
1
1
1
1
1
1
1
1
1
1
1
1
1
1
1
1
1
1
1
1
1
1
1
1
1
1
1
1
1
1
1
1
1
1
1
1
1
1
1
1
1
1
1
1
1
1
1
1
1
1
1
1
1
1
1
1
1
1
1
1
1
1
1
1
1
1
1
1
1
1
1
1
1
1
1
1
1
1
1
1
1
1
1
1
1
1
1
1
1
1
1
1
1
1
1
1
1
1
1
1
1
1
1
1
1
1
1
1
1
1
1
1
1
1
1
1
1
1
1
1
1
1
1
1
1
1
1
1
1
1
1
1
1
1
1
1
1
1
1
1
1
1
1
1
1
1
1
1
1
1
1
1
1
1
1
1
1
1
1
1
1
1
1
1
1
1
1
1
1
1
1
1
1
1
1
1
1
1
1
1
1
1
1
1
1
1
1
1
1
1
1
1
1
1
1
1
1
1
1
1
1
1
1
1
1
1
1
1
1
1
1
1
1
1
1
1
1
1
1
1
1
1
1
1
1
1
1
1
1
1
1
1
1
1
1
1
1
1
1
1
1
1
1
1
1
1
1
1
1
1
1
1
1
1
1
1
1
1
1
1
1
1
1
1
1
1
1
1
1
1
1
1
1
1
1
1
1
1
1
1
1
1
1
1
1
1
1
1
1
1
1
1
1
1
1
1
1
1
1
1
1
1
1
1
1
1
1
1
1
1
1
1
1
1
1
1
1
1
1
1
1
1
1
1
1
1
1
1
1
1
1
1
1
1
1
1
1
1
1
1
1
1
1
1
1
1
1
1
1
1
1
1
1
1
1
1
1
1
1
1
1
1
1
1
1
1
1
1
1
1
1
1
1
1
1
1
1
1
1
1
1
1
1
1
1
1
1
1
1
1
1
1
1
1
1
1
1
1
1
1
1
1
1
1
1
1
1
1
1
1
1
1
1
1
1
1
1
1
1
1
1
1
1
1
1
1
1
1
1
1
1
1
1
1
1
1
1
1
1
1
1
1
1
1
1
1
1
1
1
1
1
1
1
1
1
1
1
1
1
1
1
1
1
1
1
1
1
1
1
1
1
1
1
1
1
1
1
1
1
1
1
1
1
1
1
1
1
1
1
1
1
1
1
1
1
1
1
1
1
1
1
1
1
1
1
1
1
1
1
1
1
1
1
1
1
1
1
1
1
1
1
1
1
1
1
1
1
1
1
1
1
1
1
1
1
1
1
1
1
1
1
1
1
1
1
1
1
1
1
1
1
1
1
1
1
1
1
1
1
1
1
1
1
1
1
1
1
1
1
1
1
1
1
1
1
1
1
1
1
1
1
1
1
1
1
1
1
1
1
1
1
1
1
1
1
1
1
1
1
1
1
1
1
1
1
1
1
1
1
1
1
1
1
1
1
1
1
1
1
1
1
1
1
1
1
1
1
1
1
1
1
1
1
1
1
1
1
1
1
1
1
1
1
1
1
1
1
1
1
1
1
1
1
1
1
1
1
1
1
1
1
1
1
1
1
1
1
1
1
1
1
1
1
1
1
1
1
1
1
1
1
1
1
1
1
1
1
1
1
1
1
1
1
1
1
1
1
1
1
1
1
1
1
1
1
1
1
1
1
1
1
1
1
1
1
1
1
1
1
1
1
1
1
1
1
1
1
1
1
1
1
1
1
1
1
1
1
1
1
1
1
1
1
1
1
1
1
'-1
1
1
1
1
1
1
1
1
1
1
1
1
1
1
1
1
1
1
1
1
1
1
1
1
1
1
1
1
1
1
1
1
1
1
1
1
1
1
1
1
1
1
1
1
1
1
1
1
1
1
1
1
1
1
1
1
1
1
1
1
1
1
1
1
1
1
1
1
1
1
1
1
1
1
1
1
1
1
1
1
1
1
1
1
1
1
1
'-1
'-1
1
1
1
'-1
'-1
'-1
'-1
'-1
'-1
'-1
'-1
'-1
'-1
1
1
1
1
1
1
1
1
1
1
1
1
1
1
1
1
1
1
1
1
1
1
1
1
1
1
1
1
1
1
1
1
1
1
1
1
1
1
1
1
1
1
1
1
1
1
1
1
1
1
1
1
1
1
1
1
1
1
1
1
1
1
1
1
1
1
1
1
1
1
1
1
1
1
1
1
1
1
1
1
1
1
1
1
1
1
1
1
1
1
1
1
1
1
1
1
1
1
1
1
1
1
1
1
1
1
1
1
1
1
1
1
1
1
1
1
1
1
1
1
1
1
1
1
1
1
1
1
1
1
1
1
1
1
1
1
1
1
1
1
1
1
1
1
1
1
1
1
1
1
1
1
1
1
1
1
1
1
1
1
1
1
1
1
1
1
1
1
1
1
1
1
1
1
1
1
1
1
1
1
1
1
1
1
1
1
1
1
1
1
1
1
1
1
1
1
1
1
1
1
1
1
1
1
1
1
1
1
1
1
1
1
1
1
1
1
1
1
1
1
1
'-1
1
'-1
'-1
1
1
'-1
'-1
'-1
'-1
1
'-1
1
1
1
1
1
1
1
1
1
1
1
1
1
1
1
1
1
1
1
1
1
1
1
1
1
1
1
1
1
1
1
1
1
1
1
1
1
'-1
1
1
'-1
1
1
1
1
'-1
1
'-1
1
1
1
1
1
1
1
1
1
'-1
1
1
1
1
1
1
1
1
1
1
1
1
1
1
1
1
1
1
1
1
1
1
1
1
1
1
1
1
1
1
1
1
1
1
1
1
'-1
1
1
1
1
1
1
1
1
1
1
1
1
1
1
1
1
1
1
1
1
1
1
1
1
1
1
1
1
1
1
1
1
1
1
1
1
1
1
1
1
1
1
1
1
1
1
1
1
1
1
1
1
1
1
1
1
1
1
1
1
1
1
1
1
1
1
1
1
1
1
1
1
1
1
1
1
1
1
1
1
1
1
1
1
1
1
1
1
1
1
1
1
1
1
1
1
1
1
1
1
1
1
1
1
1
1
1
1
1
1
1
1
1
1
1
1
1
1
1
1
1
1
1
1
1
1
1
1
1
1
1
1
1
1
1
1
1
1
1
1
1
1
1
1
1
1
1
1
1
1
1
1
1
1
1
1
1
1
1
1
1
1
1
1
1
1
1
1
1
1
1
1
1
1
1
1
1
1
1
1
1
1
1
1
1
1
1
1
1
1
1
1
1
1
1
1
1
1
1
1
1
1
1
1
1
1
1
1
1
1
1
1
1
1
1
1
1
1
1
1
1
1
1
0
1
1
1
1
'-1
1
1
1
1
1
1
1
1
1
1
1
1
1
1
1
1
1
1
1
1
1
1
1
1
1
1
1
1
1
1
1
1
1
1
1
1
1
1
1
1
1
1
1
1
1
1
1
1
1
1
1
1
1
1
1
1
1
1
1
1
1
1
1
1
1
1
1
1
1
1
1
1
1
1
1
1
1
1
1
1
1
1
1
1
1
1
1
1
1
1
1
1
1
1
1
1
1
1
1
1
1
1
1
1
1
1
1
1
1
1
1
1
1
1
1
1
1
1
1
1
1
1
1
1
1
1
1
1
1
1
1
1
1
1
1
1
1
1
1
1
1
1
1
1
1
1
1
1
1
1
1
1
1
1
1
1
1
1
1
1
1
1
1
1
1
1
1
1
1
1
1
1
1
1
1
1
1
1
1
1
1
1
1
1
1
1
1
1
1
1
1
1
1
1
1
1
1
1
1
1
1
1
1
1
1
1
1
1
1
1
1
1
1
1
1
1
1
1
1
1
1
1
1
1
1
1
1
1
1
1
1
1
1
1
1
1
1
1
1
1
1
1
1
1
1
1
1
1
1
1
1
1
1
1
1
1
1
1
1
1
1
1
1
1
1
1
1
1
1
1
1
1
1
1
1
1
1
1
1
1
1
1
1
1
1
1
1
1
1
1
1
1
1
1
1
1
1
1
1
1
1
1
1
'-1
'-1
'-1
'-1
1
1
1
1
1
1
1
1
1
1
1
1
1
1
1
1
1
1
1
1
1
1
1
1
1
1
1
1
1
1
1
1
1
1
1
1
1
1
1
1
1
1
1
1
1
1
1
1
1
1
1
1
1
1
1
1
1
1
1
1
1
1
1
1
1
1
1
1
1
1
1
1
1
1
1
1
1
1
1
1
1
1
1
1
1
1
1
1
1
1
1
1
1
1
1
'-1
1
1
1
1
1
1
1
1
1
1
1
1
1
1
1
1
1
1
1
1
1
1
'-1
'-1
'-1
'-1
'-1
'-1
'-1
1
'-1
'-1
1
1
1
1
1
1
1
1
1
1
1
1
1
1
1
1
1
1
1
1
1
1
1
1
1
1
1
1
'-1
1
'-1
'-1
1
1
'-1
'-1
'-1
'-1
1
'-1
1
1
1
1
1
1
1
1
1
1
1
1
1
1
1
1
1
'-1
'-1
1
1
1
1
'-1
1
1
1
1
1
1
1
1
1
1
1
1
1
1
1
1
1
1
1
1
1
1
1
1
1
1
1
1
1
'-1
'-1
'-1
1
1
1
1
1
1
1
1
1
1
1
1
1
1
1
1
1
1
1
1
1
1
1
1
1
1
1
1
1
1
1
1
1
1
1
1
1
'-1
1
1
1
1
1
1
1
1
1
1
1
1
1
1
1
1
1
1
1
1
1
1
1
1
1
1
1
1
1
1
1
1
1
1
1
1
1
1
1
1
1
1
1
1
1
1
1
1
1
1
1
1
1
1
1
1
1
1
1
1
1
1
1
1
1
1
1
1
1
1
1
1
1
1
1
1
1
1
1
1
1
1
1
1
1
1
1
1
1
1
1
1
1
1
1
1
1
1
1
1
1
1
1
1
1
1
1
1
1
1
1
1
1
1
1
1
1
1
1
1
1
1
1
1
1
1
1
1
1
1
1
1
1
1
1
1
1
1
1
1
1
1
1
1
1
1
1
1
1
1
1
1
1
1
1
1
1
1
1
1
1
1
1
1
1
1
1
1
1
1
1
1
1
1
1
1
1
1
1
1
1
1
1
1
1
1
1
1
1
1
1
1
1
1
1
1
1
1
1
1
1
1
1
1
1
1
1
1
1
1
1
1
1
1
1
1
1
1
1
1
1
1
1
1
1
1
1
1
1
1
1
1
1
1
1
1
1
1
1
1
1
1
1
1
1
1
1
1
1
1
1
1
1
1
1
1
1
1
1
1
1
1
1
1
1
1
1
1
1
1
1
1
1
1
1
1
1
1
1
1
1
1
1
1
1
1
1
1
1
1
1
1
1
1
1
1
1
1
1
1
1
1
1
1
1
1
1
1
1
1
1
1
1
1
1
1
1
1
1
1
1
1
1
1
1
1
1
1
1
1
1
1
1
1
1
1
1
1
1
1
1
1
1
1
1
1
1
1
1
1
1
1
1
1
1
1
1
1
1
1
1
1
1
1
1
1
1
1
1
1
1
1
1
1
1
1
1
1
1
1
1
1
1
1
1
1
1
1
1
1
1
1
1
1
1
1
1
1
1
1
1
1
1
1
1
1
1
1
1
1
1
1
1
1
1
1
1
1
1
1
1
1
1
1
1
1
1
1
1
1
1
1
1
1
1
1
1
1
1
1
1
1
1
1
1
1
1
1
1
1
1
1
1
1
1
1
1
1
1
1
1
1
1
1
1
1
1
1
1
1
1
1
1
1
1
1
1
1
1
1
1
1
1
1
1
1
1
1
1
1
1
1
1
1
1
1
1
1
1
1
1
1
1
1
1
1
1
1
1
1
1
1
1
1
1
1
1
1
1
1
1
1
1
1
1
1
1
1
1
1
1
1
1
1
1
1
1
1
1
1
1
1
1
1
1
1
1
1
1
1
1
1
1
1
1
1
1
1
1
1
1
1
1
1
1
1
1
1
1
1
1
1
1
1
1
1
1
1
1
1
1
1
1
1
1
1
1
1
1
1
1
1
1
1
1
1
1
1
1
1
1
1
1
1
1
1
1
1
1
1
1
1
1
1
1
1
1
1
1
1
1
1
1
1
1
1
1
1
1
1
1
1
1
1
1
1
1
1
1
1
1
1
1
1
1
1
1
1
1
1
1
1
1
1
1
1
1
1
1
1
1
1
1
1
1
1
1
1
1
1
1
1
1
1
1
1
1
1
1
1
1
1
1
1
1
1
1
1
1
1
1
1
1
1
1
1
1
1
1
1
1
1
1
1
1
1
1
1
1
1
1
1
1
1
1
1
1
1
1
1
1
1
1
1
1
1
1
1
1
1
1
1
1
1
1
1
1
1
1
1
'-1
1
1
'-1
'-1
'-1
'-1
1
1
1
1
1
1
1
1
1
1
1
1
1
1
1
1
1
1
1
1
1
1
1
1
1
1
1
1
1
'-1
1
1
'-1
'-1
1
'-1
1
1
1
1
1
1
1
1
1
1
1
1
1
1
'-1
'-1
'-1
'-1
'-1
1
'-1
1
1
1
'-1
'-1
'-1
'-1
'-1
'-1
'-1
'-1
'-1
'-1
'-1
'-1
1
1
1
1
1
1
1
'-1
'-1
'-1
'-1
'-1
1
1
1
1
1
'-1
1
1
'-1
'-1
1
1
1
1
1
1
1
1
1
1
1
1
1
1
1
1
1
1
1
1
1
1
1
1
1
1
1
1
1
'-1
'-1
'-1
'-1
'-1
1
1
1
1
1
1
1
1
1
1
1
1
1
1
1
1
1
1
1
1
'-1
'-1
'-1
1
'-1
1
1
1
1
1
1
1
'-1
'-1
1
'-1
1
1
1
1
1
1
1
1
1
1
1
1
1
1
'-1
'-1
'-1
1
'-1
'-1
'-1
'-1
'-1
'-1
'-1
'-1
'-1
'-1
'-1
'-1
'-1
'-1
1
1
1
1
1
1
1
1
1
1
1
1
'-1
1
1
'-1
'-1
1
'-1
1
1
1
1
1
1
1
1
1
1
1
1
1
'-1
'-1
'-1
'-1
'-1
'-1
'-1
'-1
'-1
'-1
1
'-1
1
1
'-1
'-1
'-1
'-1
'-1
'-1
'-1
'-1
'-1
1
'-1
1
'-1
'-1
'-1
'-1
'-1
'-1
1
'-1
'-1
'-1
'-1
'-1
'-1
'-1
1
1
'-1
1
1
'-1
'-1
'-1
'-1
'-1
1
1
1
1
1
1
1
'-1
'-1
1
'-1
1
1
1
1
1
1
1
1
1
1
1
1
1
1
1
1
1
1
1
1
1
1
1
'-1
1
'-1
'-1
1
1
'-1
'-1
'-1
1
1
1
1
1
1
1
1
1
1
1
1
1
1
1
1
1
1
1
1
1
1
1
1
1
1
1
1
1
1
1
1
1
1
1
1
1
1
1
1
'-1
1
1
'-1
1
1
'-1
'-1
'-1
'-1
'-1
'-1
'-1
'-1
'-1
'-1
'-1
'-1
'-1
'-1
'-1
'-1
1
1
'-1
'-1
'-1
'-1
'-1
1
1
1
1
1
1
'-1
'-1
'-1
1
1
1
1
'-1
1
1
1
1
1
1
1
1
1
1
'-1
'-1
1
1
1
1
1
1
1
1
'-1
1
1
1
1
1
1
1
1
1
1
1
1
1
'-1
1
1
1
1
1
1
1
1
1
1
1
1
1
1
1
1
1
1
1
1
1
1
1
1
1
1
1
1
'-1
1
'-1
'-1
'-1
1
1
1
1
1
'-1
'-1
'-1
'-1
'-1
'-1
'-1
1
1
1
1
1
1
1
1
1
'-1
1
'-1
'-1
1
'-1
'-1
1
'-1
1
1
'-1
'-1
1
1
1
1
'-1
1
1
1
1
1
1
1
1
1
1
1
1
1
1
1
'-1
1
1
1
'-1
'-1
'-1
1
'-1
'-1
'-1
'-1
1
1
1
1
1
1
1
1
1
1
1
1
1
1
1
1
1
1
1
1
'-1
'-1
'-1
'-1
1
'-1
'-1
1
1
1
1
1
'-1
'-1
1
1
1
1
1
1
1
1
1
1
1
1
1
1
1
'-1
'-1
1
'-1
1
1
1
1
1
1
1
1
1
1
1
1
1
1
1
'-1
1
'-1
'-1
'-1
'-1
'-1
1
1
1
'-1
'-1
1
1
1
'-1
1
'-1
1
1
1
1
'-1
1
1
1
'-1
1
1
1
1
1
1
1
1
'-1
'-1
1
1
1
1
1
1
1
1
'-1
'-1
'-1
'-1
'-1
1
1
1
1
1
1
1
1
1
1
1
1
1
1
1
1
1
1
1
1
1
1
1
1
'-1
1
1
1
1
'-1
1
1
1
1
1
1
1
1
1
1
1
1
1
1
1
1
1
1
1
1
1
1
1
1
1
'-1
'-1
'-1
'-1
1
1
1
1
1
1
1
1
1
1
1
1
1
1
1
1
1
1
1
1
1
'-1
1
1
1
1
1
1
1
1
1
1
1
1
1
1
1
1
1
1
1
1
1
1
1
'-1
1
1
1
1
1
'-1
'-1
'-1
1
'-1
'-1
1
1
1
1
1
1
1
1
1
1
1
1
1
1
1
1
1
1
1
'-1
'-1
1
'-1
'-1
1
1
1
1
1
1
1
1
1
'-1
1
1
1
1
1
1
1
1
1
1
1
1
1
1
1
1
1
1
1
1
'-1
'-1
1
1
1
1
1
1
1
1
1
1
1
1
1
1
1
1
1
1
1
1
1
1
1
1
1
1
1
1
1
1
1
1
1
1
1
1
1
1
1
1
1
1
1
1
1
1
1
1
1
1
1
1
1
1
1
1
1
1
1
1
'-1
'-1
1
1
1
1
1
1
1
1
1
1
1
1
1
1
1
'-1
'-1
1
1
1
1
'-1
'-1
'-1
'-1
'-1
1
1
1
1
1
1
1
1
1
1
1
'-1
'-1
1
1
1
1
1
1
1
1
1
1
1
'-1
'-1
1
1
1
1
1
1
1
1
1
1
1
1
1
1
1
'-1
1
'-1
1
1
1
1
1
1
1
1
1
1
1
1
1
1
1
1
1
1
1
1
1
1
1
1
1
1
1
1
1
1
1
1
1
1
'-1
1
1
1
1
1
1
1
1
1
1
1
1
1
1
1
1
1
1
1
1
1
1
1
1
1
1
1
1
1
1
1
1
1
1
1
1
1
1
1
1
1
1
1
1
1
1
1
1
1
1
1
1
1
1
1
1
1
1
1
1
1
1
1
1
1
1
1
'-1
'-1
'-1
1
1
1
1
1
1
'-1
1
1
1
1
1
1
1
1
1
1
1
1
1
1
1
1
1
1
1
1
1
1
1
1
1
1
1
1
1
1
1
1
'-1
1
1
1
1
1
1
1
1
1
'-1
1
1
1
1
1
1
1
1
1
1
1
1
1
1
1
1
1
1
1
1
1
1
1
'-1
1
1
1
'-1
'-1
'-1
'-1
'-1
'-1
'-1
'-1
'-1
'-1
'-1
'-1
'-1
1
1
1
1
1
1
1
1
1
1
'-1
'-1
'-1
'-1
'-1
1
1
1
'-1
1
'-1
1
'-1
'-1
'-1
'-1
'-1
'-1
'-1
'-1
'-1
'-1
'-1
'-1
'-1
1
1
1
1
1
1
1
1
1
1
1
1
1
1
1
1
1
1
1
'-1
'-1
'-1
1
'-1
1
1
1
1
1
1
1
1
1
1
1
1
1
1
1
1
1
1
1
1
1
1
1
1
1
1
1
1
1
1
'-1
1
1
1
1
1
1
1
1
1
1
1
1
1
1
1
1
1
1
1
1
1
1
1
1
1
1
1
1
1
1
1
1
1
1
1
1
1
1
'-1
'-1
'-1
'-1
'-1
'-1
'-1
'-1
'-1
1
1
1
1
1
1
1
1
1
1
1
1
1
1
1
1
1
'-1
1
1
'-1
1
1
1
1
1
1
1
1
1
1
1
1
1
1
1
1
1
1
1
1
1
1
1
1
1
1
1
1
1
1
1
'-1
1
1
1
1
1
1
1
1
1
1
1
1
1
1
'-1
'-1
'-1
'-1
'-1
'-1
'-1
'-1
'-1
'-1
'-1
'-1
'-1
'-1
'-1
'-1
'-1
'-1
'-1
'-1
'-1
'-1
'-1
'-1
'-1
'-1
'-1
'-1
'-1
'-1
'-1
'-1
'-1
1
1
1
1
1
1
1
1
1
1
1
1
1
1
1
1
1
1
1
1
1
1
1
1
1
1
1
1
1
1
1
1
1
1
1
1
'-1
1
1
1
'-1
'-1
1
1
1
1
1
1
1
1
1
1
1
1
1
1
1
1
1
1
1
1
1
1
1
1
1
1
1
1
1
1
1
1
1
1
1
1
1
1
1
1
1
1
1
1
1
1
1
1
1
1
1
1
1
1
1
1
1
1
1
'-1
1
1
1
1
1
1
1
1
1
1
1
1
1
1
1
1
1
1
1
1
1
1
1
1
'-1
'-1
1
1
1
1
1
1
1
1
1
1
1
1
1
1
1
1
1
1
1
1
'-1
'-1
1
1
'-1
1
1
1
1
'-1
'-1
'-1
'-1
'-1
'-1
'-1
'-1
'-1
'-1
'-1
'-1
'-1
'-1
'-1
1
1
1
1
'-1
'-1
'-1
'-1
'-1
'-1
'-1
'-1
'-1
'-1
'-1
'-1
'-1
'-1
'-1
'-1
'-1
'-1
'-1
'-1
'-1
1
1
1
'-1
'-1
'-1
'-1
'-1
1
1
1
1
1
1
1
1
'-1
'-1
1
1
1
1
1
1
1
1
1
1
1
1
1
1
1
1
1
1
1
1
1
1
1
1
1
1
1
1
1
1
1
1
1
1
1
1
1
1
1
1
1
1
1
1
1
1
1
1
1
1
1
1
1
1
1
1
1
1
1
1
1
1
1
'-1
'-1
1
1
1
'-1
'-1
1
1
1
1
1
1
1
1
1
1
'-1
'-1
'-1
'-1
'-1
'-1
'-1
'-1
'-1
'-1
'-1
'-1
'-1
'-1
'-1
'-1
'-1
'-1
'-1
'-1
'-1
'-1
'-1
'-1
'-1
'-1
'-1
'-1
'-1
'-1
'-1
'-1
'-1
'-1
'-1
'-1
'-1
'-1
'-1
'-1
'-1
'-1
'-1
'-1
'-1
'-1
'-1
'-1
'-1
'-1
'-1
'-1
'-1
'-1
'-1
'-1
'-1
'-1
'-1
'-1
'-1
'-1
'-1
'-1
'-1
'-1
'-1
'-1
'-1
'-1
'-1
'-1
'-1
'-1
'-1
'-1
'-1
'-1
'-1
'-1
'-1
'-1
'-1
'-1
'-1
'-1
'-1
'-1
'-1
'-1
'-1
'-1
'-1
'-1
'-1
'-1
'-1
'-1
'-1
'-1
'-1
'-1
'-1
'-1
'-1
'-1
'-1
'-1
'-1
'-1
'-1
'-1
'-1
'-1
'-1
'-1
'-1
'-1
'-1
'-1
'-1
'-1
'-1
'-1
'-1
'-1
'-1
'-1
'-1
'-1
'-1
'-1
'-1
'-1
'-1
'-1
'-1
'-1
'-1
'-1
'-1
'-1
'-1
'-1
'-1
'-1
'-1
'-1
'-1
'-1
'-1
'-1
'-1
'-1
'-1
'-1
'-1
'-1
'-1
'-1
'-1
'-1
'-1
'-1
'-1
'-1
'-1
'-1
'-1
'-1
'-1
'-1
1
1
1
1
1
1
1
1
1
1
'-1
'-1
'-1
'-1
'-1
'-1
'-1
'-1
'-1
'-1
'-1
'-1
1
'-1
'-1
1
1
1
1
1
1
1
0
1
1
1
0
1
1
1
1
1
1
1
1
1
1
1
1
1
1
1
1
1
1
1
1
1
0
1
1
1
1
1
1
1
1
1
1
1
1
1
1
1
1
1
1
1
1
0
1
1
1
1
1
1
1
1
1
1
1
1
1
1
1
1
1
1
1
1
1
1
1
1
1
1
1
1
1
1
1
1
1
1
1
1
0
1
1
0
1
1
1
0
0
1
0
1
1
1
1
1
1
1
1
1
1
1
1
1
1
1
1
1
1
1
1
1
1
1
0
1
1
1
1
1
1
1
1
1
1
1
1
1
1
1
1
1
1
1
1
1
1
1
1
1
1
1
1
1
1
1
1
1
1
1
1
1
1
1
1
1
1
1
1
1
1
1
1
2




















