give site product codes and stop with '0':
give current site state (0/1) and stop with '2':
give new product codes and stop with '0':
give new state and stop with '0':
-----------------------------------


changed state (92):

-----------------------------------
1131090212027
1113351120005
1114086219014
1114086219018
1114086219019
1110030120000
1114086219020
1114086219021
1112030119004
1115086110000
1110092120002
1110092120003
1110092120004
1110092120005
1731090215008
1110092120014
1112030120000
1127091218030
1714086219001
1710092119003
1111086219035
1131090214001
1131092110008
1113086118000
1113086118001
1131092110015
1113086118002
1113086118003
1113086118005
1113086118007
1131092110025
1131092110026
1131092116001
1131092116010
1131092119001
1719030116000
1131092119003
1131092119004
1139091118084
1719030120002
1719030120008
1719030120009
1719030120017
1119086119011
1119086119012
1719030120020
1719030120023
1731090217003
1128030218001
1769090115003
1122090214006
1122090214008
1122090120001
1122090120002
1122090120004
1122090120006
1122090120007
1131092115002
1131092115004
1113034119009
1113086218006
1133086217000
1133086217001
1133086217002
1133086217008
1133086217009
1133086217010
1133086217011
1133086217016
1133086217018
1133086217021
1133086217022
1133086217024
1133086217025
1133086217027
1116086217002
1116086217005
1116086217008
1133086217033
1719030219048
1719030219050
1131090117005
1110030119003
1110030119004
1110030119005
1110030119007
1110030119020
1110030119022
1113092120006
1122092219044
1122092219045
1122092219046
-----------------------------------


new products (562):

-----------------------------------
1769090117012
1131090212022
1769090117021
1769090117022
1769090117023
1113351120009
1113351120011
1113351120015
1113351120016
1113351120017
1113351120018
1113351120020
1113351120021
1113351120022
1113351120024
1110092119000
1110092119002
1110092119003
1110092119004
1110092119005
1110092119009
1110092119010
1110092119013
1110092119014
1110092119015
1110092119016
1110092119019
1122090220000
1122090220001
1122090220002
1122090220003
1122090220004
1122090220005
1122090220006
1122030218019
1122090220007
1113090219003
1113090219004
1113090219005
1117030120000
1117030120001
1117030120002
1117030120003
1110092119055
1117030120004
1110092119057
1117030120006
1117030120007
1117030120008
1117030120011
1115086110001
1113092118000
1113092118001
1117092119003
1117092119004
1761030215000
1761030215004
1761030215006
1761030215008
1115086116000
1111086118000
1116086219000
1116086219001
1116086219003
1116086219004
1116086219005
1116086219006
1116086219007
1116086219008
1116086219009
1116086219010
1116086219011
1116086219012
1116086219013
1116086219016
1116086219017
1731090215007
1127091218012
1110092120029
1169090120002
1110092120030
1110092120031
1127091218023
1713090118000
1164086215006
1111086213016
1111086213017
1111086213019
1117092120001
1133086220000
1133086220001
1133086220002
1133086220003
1133086220005
1133086220006
1111086219010
1111086219015
1111086219017
1111086219018
1122086213001
1131090214000
1131090214003
1116086220007
1116086220008
1116086220009
1131090214008
1111086219040
1111086219041
1111086219042
1111086219043
1111086219044
1111086219045
1111086219046
1111086219047
1111086219048
1769090119004
1111086219049
1769090119005
1116086220010
1116086220011
1116086220012
1116086220013
1111086219050
1111086219051
1111086219054
1111086219055
1111086219056
1111086219057
1131090217009
1769090119016
1769090119017
1769090119018
1769090119019
1131090217010
1131090217012
1131090217013
1131090217014
1131090217015
1131090217016
1131090217017
1122090218023
1122090218024
1122090218025
1717030120000
1717030120001
1717030120002
1717030120004
1112092120000
1611086112001
1114030120003
1114030120004
1761090215002
1761090215003
1114030120010
1719030116011
1719030116012
1719030116013
1719030116014
1111086220001
1111086220003
1111086220004
1719030119003
1111086220009
1719030119004
1719030119006
1719030119007
1719030119008
1719030116027
1719030116028
1719030116029
1111086220016
1719030119012
1111086220018
1719030119013
1719030119015
1719030119016
1719030119017
1719030119018
1719030119019
1719030116030
1719030116031
1719030116033
1719030116034
1719030116038
1719030116039
1111086220025
1719030119020
1111086220027
1111086220028
1111086220029
1719030116040
1111086220030
1111086220031
1110092118039
1113086219007
1110092118043
1127091119000
1113086219019
1127091119001
1127091119002
1127091119003
1127091119004
1127091119005
1127091119006
1719030217000
1719030217001
1719030217002
1719030217003
1719030217004
1719030217005
1719030217006
1719030217008
1719030217009
1719030217010
1719030217012
1719030217013
1719030217014
1110092219000
1719030217024
1719030217025
1719030217027
1110092219005
1110092219006
1110092219007
1761030217004
1139091118096
1110092219017
1110092219018
1133030120002
1133030120003
1133030120008
1133030120009
1119086119002
1169090219008
1719030120010
1133030120010
1719030120013
1133030120013
1133030120014
1722090215002
1722090215003
1133030120017
1110092219037
1110092219038
1110092219039
1133030120020
1133030120021
1112030219025
1133030120022
1112030219026
1133030120024
1133030120028
1133030120029
1731090217000
1719030120031
1133030120033
1133030120036
1133030120037
1133030120038
1133030120039
1133030120040
1133030120041
1133030120042
1133030120043
1133030120045
1133030120046
1133030120048
1113086220000
1133030120049
1113086220001
1113086220002
1113086220003
1113086220004
1113086220005
1113086220006
1113086220007
1118086111000
1113086220008
1118086111001
1113086220009
1118086111002
1118086111003
1118086111004
1118086111005
1133030120050
1133030120051
1133030120052
1133030120053
1112092118001
1133030120057
1133030120058
1113086220010
1113086220011
1113086220012
1113086220013
1127091120000
1127091120002
1127091120003
1127091120004
1127091120005
1127091120008
1127091120009
1122090119015
1122090119016
1122090119017
1122090119018
1122090119019
1127091120010
1127091120011
1127091120012
1127091120014
1127091120015
1127091120016
1122090119020
1122090119021
1122090119022
1122090119023
1122090119024
1122090119026
1122090119029
1127091120021
1127091120024
1127091120025
1122090119037
1122090119038
1127091120034
1127091120035
1127091120036
1127091120037
1127091120038
1127091120039
1110092220001
1110092220002
1110092220003
1110092220004
1110092220005
1110092220006
1110092220009
1122090211001
1110092220010
1110092220011
1110092220012
1110092220013
1110092220014
1130091119001
1110092220015
1130091119002
1130091119003
1110092220017
1130091119004
1110092220018
1130091119005
1110092220019
1130091119006
1130091119007
1130091119008
1130091119009
1110092220020
1110092220021
1110092220022
1110092220023
1130091119010
1769090115013
1769090115018
1122090211028
1122090211029
000000190014
000000190015
000000190016
1130030119010
1769090118016
1118086212005
1122090217011
1112092219000
1112092219001
1112092219002
1112092219003
1769090118022
1769090118023
1769090118024
1131090219004
1131090219005
1131090219006
1131090219007
1131090219008
1131090219009
1122090217027
1122090217028
1122090217029
1131090219013
1131090219014
1131090219015
1131090219016
1122090217030
1131090219017
1122090217031
1131090219018
1122090217032
1122090217033
1122090217034
1122090217035
1122090217037
1122090217038
1122090217040
1131092115008
1122090120012
1122090120013
1122090120014
1122090120015
1122090120016
1122090120018
1122090120019
1131092118000
1122090120020
1122090120021
1122090120022
1122090120023
1122090120024
1122090120025
1122090120026
1122090120027
1122090120028
1122090120029
000000700022
1122090120030
1122090120031
1122090120032
1719030118000
1122090120033
1719030118001
1122090120034
1719030118002
1122090120035
1719030118003
1719030118005
1719030118006
1719030118007
1719030118008
1719030118009
000000700032
000000700033
1761090217005
1137086117006
1137086117008
1719030118025
1719030118029
1187091120011
1187091120014
1114086120036
1719030118033
1761030118000
1187091120020
1187091120022
1116086119000
1116086119001
1116086119002
1116086119003
1116351120000
1116351120002
1116351120003
1116351120007
1116351120008
1112092220001
1116351120011
1116351120012
1116351120013
1116351120014
1122030219019
1127091115027
1131092213029
1131092216016
1131092219000
1131092219001
1131092219002
1719030216000
1110009021802
1110009021803
1719030216005
1719030216007
1131092219010
1131092219014
1131092219015
1131092219016
1719030216014
1719030216015
1719030219006
1719030219007
1131092219021
1131092219022
1131092219023
1115030116002
1719030216028
1719030219012
1719030219013
1122092118001
1719030219015
1131092219030
1131092219031
1131092219034
1131092219036
1131092219039
1719030216039
1719030219021
1719030219022
1719030219023
1131092219042
1719030216042
1719030216045
1719030216046
1719030216047
1719030216048
1719030219033
1719030216051
1719030216053
1719030216054
1719030216055
1719030219046
1169090218018
1169090218019
1719030216060
1719030216061
1719030216062
1719030216063
1719030216065
1719030216066
1719030216067
1719030216068
1169090218028
1169090218029
1710030215007
1713086117000
1713086117001
4000001116001
1122090118023
1122090118025
1122092219003
1122092219004
1122092219007
1122092219008
1122092219009
1122092219011
1122092219012
1122092219013
1122092219014
1122092219016
1122092219018
1111030219011
1113092120001
1122092219021
1122092219022
1122092219024
1113092120013
1122092219032
1133030220024
1122092219042
1122092219043
1131090212004
1131090212005
1716030118002
1716030118003
1716030118007
1769090117005
-----------------------------------


list of new states with respect to current product codes from site

-----------------------------------
1
1
1
1
1
1
1
1
1
1
1
1
1
1
1
1
1
1
1
1
1
1
1
1
1
1
1
1
1
1
1
1
1
1
1
1
1
1
1
1
1
1
1
1
1
1
1
1
1
1
1
1
1
1
1
1
1
1
1
1
1
1
1
1
1
1
1
1
1
1
1
1
1
1
1
1
1
1
1
1
1
1
1
1
1
1
1
1
1
1
1
1
1
1
1
1
1
1
1
1
1
1
1
1
1
1
1
1
1
1
1
1
1
1
1
1
1
1
1
1
1
1
1
1
1
1
1
1
1
1
1
1
1
1
1
1
1
1
1
1
1
1
1
1
1
1
1
1
1
1
1
1
1
1
1
1
1
1
1
1
1
1
1
1
1
1
1
1
1
1
1
1
1
1
1
1
1
1
1
1
1
1
1
1
1
1
1
1
1
1
1
1
1
1
1
1
1
1
1
1
1
1
1
1
1
1
1
1
1
1
1
1
1
1
1
1
1
1
1
1
1
1
1
1
1
1
1
1
1
1
1
1
1
1
1
1
1
1
1
1
1
1
1
1
1
1
1
1
1
1
1
1
1
1
1
1
1
1
1
1
1
1
1
1
1
1
1
1
1
1
1
1
1
1
1
1
1
1
1
1
1
1
1
1
1
1
1
1
1
1
1
1
1
1
1
1
1
1
1
1
1
1
1
1
1
1
1
1
1
1
1
1
1
1
1
1
1
1
1
1
1
1
1
1
1
1
1
1
1
1
1
1
1
1
1
1
1
1
1
1
1
1
1
1
1
1
1
1
1
1
1
1
1
1
1
1
1
1
1
1
1
1
1
1
1
1
1
1
1
1
1
1
1
1
1
1
1
1
1
1
1
1
1
1
1
1
1
1
1
1
1
1
1
1
1
1
1
1
1
1
1
1
1
1
1
1
1
1
1
1
1
1
1
1
1
1
1
1
1
1
1
1
1
1
1
1
1
1
1
1
1
1
1
1
1
1
1
1
1
1
1
1
1
1
1
1
1
1
1
1
1
1
1
1
1
1
1
1
1
1
1
1
1
1
1
1
1
1
1
1
1
1
1
1
1
1
1
1
1
1
1
1
1
1
1
1
1
1
1
1
1
1
1
1
1
1
1
1
1
1
1
1
1
1
1
1
1
1
1
1
1
1
1
1
1
1
1
1
1
1
1
1
1
1
1
1
1
1
1
1
1
1
1
1
1
1
1
1
1
1
1
1
1
1
1
1
1
1
1
1
1
1
1
1
1
1
1
1
1
1
1
1
1
1
1
1
1
1
1
1
1
1
1
1
1
1
1
1
1
1
1
1
1
1
1
1
1
1
1
1
1
1
1
1
1
1
1
1
1
1
1
1
1
1
1
1
1
1
1
1
1
1
1
1
1
1
1
1
1
1
1
1
1
1
1
1
1
1
1
1
1
1
1
1
1
1
1
1
1
1
1
1
1
1
1
1
1
1
1
1
1
1
1
1
1
1
1
1
1
1
1
1
1
1
1
1
1
1
1
1
1
1
1
1
1
1
1
1
1
1
1
1
1
1
1
1
1
1
1
1
1
1
1
1
1
1
1
1
1
1
1
1
1
1
1
1
1
1
1
1
1
1
1
1
1
1
1
1
1
1
1
1
1
1
1
1
1
1
1
1
1
1
1
1
1
1
1
1
1
1
1
1
1
1
1
1
1
1
1
1
1
1
1
1
1
1
1
1
1
1
1
1
1
1
1
1
1
1
1
1
1
1
1
1
1
1
1
1
1
1
1
1
1
1
1
1
1
1
1
1
1
1
1
1
1
1
1
1
1
1
1
1
1
1
1
1
1
1
1
1
1
1
1
1
1
1
1
1
1
1
1
1
1
1
1
1
1
1
1
1
1
1
1
1
1
1
1
1
1
1
1
1
1
1
1
1
1
1
1
1
1
1
1
1
1
1
1
1
1
1
1
1
1
1
1
1
1
1
1
1
1
1
1
1
1
1
1
1
1
1
1
1
1
1
1
1
1
1
1
1
1
1
1
1
1
1
1
1
1
1
1
1
1
1
1
1
1
1
1
1
1
1
1
1
1
1
1
1
1
1
1
1
1
1
1
1
1
1
1
1
1
1
1
1
1
1
1
1
1
1
1
1
1
1
1
1
1
1
1
1
1
1
1
1
1
1
1
1
1
1
1
1
1
1
1
1
1
1
1
1
1
1
1
1
1
1
1
1
1
1
1
1
1
1
1
1
1
1
1
1
1
1
1
1
1
1
1
1
1
1
1
1
1
1
1
1
1
1
1
1
1
1
1
1
1
1
1
1
1
1
1
1
1
1
1
1
1
1
1
1
1
1
1
0
1
1
1
1
1
1
1
1
1
1
1
1
1
1
1
1
1
1
1
1
1
1
1
1
1
1
1
1
1
1
1
1
1
1
1
1
1
1
1
1
1
1
1
1
1
1
1
1
1
1
1
1
1
1
1
1
1
1
1
1
1
1
1
1
1
1
1
1
1
1
1
1
1
1
1
1
1
1
1
1
1
1
0
1
1
1
1
1
1
1
1
1
1
1
1
1
1
1
1
1
1
1
1
1
1
1
1
1
1
1
1
1
1
1
1
1
1
1
1
1
1
1
1
1
1
1
1
1
1
1
1
1
1
1
1
1
1
1
1
1
1
1
1
1
1
1
1
1
1
1
1
1
1
1
1
1
1
1
1
1
1
1
1
1
1
1
1
1
1
1
1
1
1
1
1
1
1
1
1
1
1
1
1
1
1
1
1
1
1
1
1
1
1
1
1
1
1
1
1
1
1
1
1
1
1
1
1
1
1
1
1
1
1
1
1
1
1
1
1
1
1
1
1
1
1
1
1
1
1
1
1
1
1
1
1
1
1
1
1
1
1
1
1
1
1
1
1
1
1
1
1
1
1
1
1
1
1
1
1
1
1
1
1
1
1
1
1
1
1
1
1
1
1
1
1
1
1
1
1
1
1
1
1
1
1
1
1
1
1
1
1
1
1
1
1
1
1
1
0
0
1
1
1
1
1
1
1
1
1
1
1
1
1
1
1
1
1
1
1
1
1
1
1
1
1
1
1
1
1
1
1
1
1
1
1
1
1
1
1
1
1
1
1
1
1
1
1
1
1
1
1
1
1
1
1
1
1
1
1
1
1
1
1
1
1
1
1
1
1
1
1
1
1
1
1
1
1
1
1
1
1
1
1
1
1
1
1
1
1
1
1
1
1
1
1
1
1
1
1
1
1
1
1
1
1
1
1
1
1
1
1
1
1
1
1
1
1
1
1
1
1
1
1
1
1
1
1
1
1
1
1
1
1
1
1
1
1
1
1
1
1
1
1
1
1
1
1
1
1
1
1
1
1
1
1
1
1
1
1
1
1
1
1
1
1
1
1
1
1
1
1
1
1
1
1
1
1
1
1
1
1
1
1
1
1
1
1
1
1
1
1
1
1
1
1
1
1
1
1
1
1
1
1
1
1
1
1
1
1
1
1
1
1
1
1
1
1
1
1
1
1
1
1
1
1
1
1
1
1
1
1
1
1
1
1
1
1
1
1
1
1
1
1
1
1
1
1
1
1
1
1
1
1
1
1
1
1
1
1
1
1
1
1
1
1
1
1
1
1
1
1
1
1
1
1
1
1
1
1
1
1
1
1
1
1
1
1
1
1
0
1
1
1
1
1
1
1
1
1
1
1
1
1
1
1
1
1
1
1
1
1
1
1
1
1
1
1
1
1
1
1
1
1
1
1
1
1
1
1
1
1
1
1
1
1
1
1
1
1
1
1
1
1
1
1
1
1
1
1
1
1
1
1
1
1
1
1
1
1
1
1
1
1
1
1
1
1
1
1
1
1
1
1
1
1
1
1
1
1
1
1
1
1
1
1
1
1
1
1
1
1
1
1
1
1
1
1
1
1
1
1
1
1
1
1
1
1
1
1
1
1
1
1
1
1
1
1
1
1
1
1
1
1
1
1
1
1
1
1
1
1
1
1
1
1
1
1
1
1
1
1
1
1
1
1
1
1
1
1
1
1
1
1
1
1
1
1
1
1
1
1
1
1
1
1
1
1
1
1
1
1
1
1
1
1
1
1
1
1
1
1
1
1
1
1
1
1
1
1
1
1
1
1
1
1
1
1
1
1
1
1
1
1
1
1
1
1
1
1
1
1
1
1
1
1
1
1
1
1
1
1
1
1
1
1
1
1
1
1
1
1
1
1
1
1
1
1
1
1
1
1
1
1
1
1
1
1
1
1
1
1
1
1
1
1
1
1
1
1
1
1
1
1
1
1
1
1
1
1
1
1
1
1
1
1
1
1
1
1
1
1
1
1
1
1
1
1
1
1
1
1
1
1
1
1
1
1
1
1
1
1
1
1
1
1
1
1
1
1
1
1
1
1
1
1
1
1
1
1
1
1
1
1
1
1
1
1
1
1
1
1
1
1
1
1
1
1
1
1
1
1
1
1
1
1
1
1
1
1
1
1
1
1
1
1
1
1
1
1
1
1
1
1
1
1
1
1
1
1
1
1
1
1
1
1
1
1
1
1
1
1
1
1
1
1
1
1
1
1
1
1
1
1
1
1
1
1
1
1
1
1
1
1
1
1
1
1
1
1
1
1
1
1
1
1
1
1
1
1
1
1
1
1
1
1
1
1
1
1
1
1
1
1
1
1
1
1
1
1
1
1
1
1
1
1
1
1
1
1
1
1
1
1
1
1
1
1
1
1
1
1
1
1
1
1
1
1
1
1
1
1
1
1
1
1
1
1
1
1
1
1
1
1
1
1
1
1
1
1
1
1
1
1
1
1
1
1
1
1
1
1
1
1
1
1
1
1
1
1
1
1
1
1
1
1
1
1
1
1
1
1
1
1
1
1
1
1
1
1
1
1
1
1
1
1
1
1
1
1
1
1
1
1
1
1
1
1
1
1
1
1
1
1
1
1
1
1
1
1
1
1
1
1
1
1
1
1
1
1
1
1
1
1
1
1
1
1
1
1
1
1
1
1
1
1
1
1
1
1
1
1
1
1
1
1
1
1
1
1
1
1
1
1
1
1
1
1
1
1
1
1
1
1
1
1
1
1
1
1
1
1
1
1
1
1
1
1
1
1
1
1
1
1
1
1
1
1
1
1
1
1
1
1
1
1
1
1
1
1
1
1
0
1
1
1
1
1
1
0
1
1
1
1
1
1
1
1
1
1
1
1
1
1
1
0
1
0
0
0
1
0
1
0
0
1
0
1
1
1
1
1
1
1
1
0
0
0
0
1
1
1
1
1
1
1
1
0
1
1
1
1
1
1
1
1
1
1
1
1
1
1
1
1
1
1
1
0
1
1
1
0
1
1
1
1
0
0
1
1
1
1
1
0
0
0
0
0
1
0
1
1
0
0
1
1
0
1
1
1
1
1
1
1
1
1
0
1
1
1
1
1
1
1
1
1
1
0
0
1
1
1
1
1
1
1
1
1
1
1
1
1
1
1
1
1
1
1
1
1
1
1
1
1
1
1
1
1
1
1
1
1
1
0
0
0
0
1
1
1
0
1
1
1
1
0
1
0
1
0
1
1
1
0
0
1
1
1
1
0
0
1
0
1
0
0
1
1
1
1
0
1
0
1
1
1
1
1
1
1
1
1
1
1
1
0
0
0
1
1
1
1
1
1
1
0
1
1
0
1
1
1
1
1
1
1
1
1
1
1
1
1
1
1
1
1
0
1
1
1
1
1
1
1
1
1
1
1
1
1
1
1
1
1
1
1
0
0
1
1
1
1
1
1
1
1
1
1
1
1
1
1
1
1
1
1
1
1
1
1
0
0
1
0
0
0
0
0
0
1
1
0
0
0
1
1
1
1
1
1
0
0
0
1
1
1
0
0
0
0
0
1
0
0
0
0
0
1
0
1
1
1
1
0
1
1
0
1
1
1
1
1
1
1
1
1
1
1
1
1
1
1
1
1
1
1
1
1
1
1
1
1
1
1
1
1
1
1
1
1
1
1
1
1
1
1
1
1
1
1
1
1
1
1
1
1
1
1
1
1
1
0
1
1
1
1
1
1
1
1
1
1
1
1
1
1
1
1
1
1
1
1
1
0
1
1
1
1
1
1
1
0
1
1
1
1
0
0
0
1
1
1
1
0
1
0
1
0
1
1
1
1
0
1
0
1
1
1
1
1
1
1
1
1
1
0
1
0
1
1
0
1
1
1
1
1
1
1
1
1
1
1
1
1
1
1
1
1
1
1
1
1
1
1
1
1
1
1
