3166
113450123456
104650123456
104620123456
105680123456
3171
3172
3173
104130123456
105810123456
115720123456
105790123456
105970123456
105850123456
105830123456
105750123456
105670123456
104370123456
105420123456
105400123456
105320123456
105340123456
105380123456
145160123456
164020123456
145150123456
105570123456
105580123456
104390123456
104330123456
104290123456
105270123456
105600123456
3200
104560123456
3202
3209
3210
3211
145050123456
3213
3215
3217
3218
3219
3220
3221
143200123456
3223
3224
3225
3226
3227
3228
3229
3230
3231
3232
3233
3234
3235
3236
3237
115710123456
115790123456
115730123456
115850123456
115830123456
115750123456
115530123456
115500123456
115420123456
115440123456
115490123456
115810123456
3203
3204
3205
3206
113470123456
115660123456
105500123456
105460123456
105440123456
105480123456
105520123456
115610123456
115570123456
115550123456
115590123456
115630123456
204120123456
204100123456
204090123456
204110123456
204130123456
3515
3516
3517
283100123456
283090123456
282500123456
282510123456
282410123456
283130123456
283150123456
3526
283160123456
283180123456
283170123456
283210123456
283200123456
283190123456
301790123456
301830123456
301820123456
301850123456
301860123456
301800123456
301840123456
301870123456
301700123456
301770123456
301730123456
301720123456
301750123456
301710123456
301780123456
301760123456
290350123456
290390123456
290380123456
290370123456
290410123456
290360123456
290400123456
290420123456
283350123456
283390123456
283380123456
283370123456
203360123456
3562
283400123456
283420123456
283030123456
283040123456
3572
3573
3574
3575
3600
330360123456
3602
3603
322220123456
3605
322040123456
322030123456
322050123456
322060123456
322080123456
322070123456
322090123456
322100123456
290300123456
290310123456
290290123456
290280123456
290320123456
290330123456
290340123456
290270123456
290260123456
113000123456
113040123456
113010123456
112990123456
3738
113050123456
3740
115370123456
281850123456
282300123456
282270123456
3745
282280123456
281870123456
282460123456
282320123456
282310123456
282480123456
281900123456
282420123456
282450123456
282170123456
282050123456
282010123456
282390123456
282370123456
152780123456
152770123456
152960123456
152970123456
321950123456
3800
321980123456
322000123456
321990123456
115680123456
115700123456
115690123456
115670123456
113150123456
113190123456
113180123456
172600123456
3818
163890123456
3820
163510123456
3822
163930123456
163720123456
3825
3826
3827
501520123456
501510123456
501560123456
501530123456
501540123456
501420123456
501370123456
105620123456
105640123456
105630123456
106350123456
106360123456
106370123456
106380123456
104380123456
11621012356
116220123456
116240123456
116230123456
90270123456
90260123456
172800123456
173130123456
172780123456
172770123456
172760123456
173080123456
173100123456
173110123456
173120123456
173140123456
172730123456
172740123456
173150123456
172720123456
164190123456
164510123456
164170123456
164160123456
164150123456
164470123456
164490123456
164500123456
164450123456
164130123456
164140123456
164520123456
164120123456
124560123456
125090123456
124800123456
124550123456
125020123456
1251001123456
164440123456
124470123456
124510123456
124010123456
124930123456
124230123456
124300123456
132700123456
134990123456
134820123456
132690123456
134810123456
134950123456
134930123456
135000123456
134970123456
132890123456
132880123456
134980123456
134940123456
134800123456
134960123456
132400123456
106050123456
105990123456
105960123456
106070123456
106010123456
106030123456
105930123456
283430123456
283460123456
283330123456
283500123456
283520123456
283440123456
283450123456
283340123456
283490123456
283510123456
60110123456
60060123456
60080123456
60130123456
60140123456
60120123456
125190123456
125150123456
125140123456
125160123456
125170123456
125180123456
262040123456
262030123456
262060123456
26205123456
262080123456
26207012456
262100123456
262090123456
250870123456
250860123456
250890123456
25088123456
261960123456
261950123456
261980123456
261970123456
262000123456
261990123456
262020123456
250840123456
250830123456
250820123456
250850123456
262010123456
0
0
1
1
1
0
0
0
0
1
1
1
1
1
1
1
1
1
1
1
1
1
1
1
0
0
0
0
0
1
1
0
1
0
0
1
0
0
0
0
1
0
0
0
0
0
0
0
1
0
0
0
0
0
0
0
0
0
0
0
0
0
0
0
1
1
1
1
1
1
1
1
1
1
1
1
0
0
0
1
0
0
1
1
1
1
1
1
0
1
1
1
1
1
1
1
1
0
0
0
1
1
1
1
1
0
1
0
1
1
1
1
0
0
1
1
1
1
1
1
1
1
1
1
1
1
1
1
1
1
1
1
1
1
1
1
1
1
1
1
1
1
1
1
1
1
1
1
0
0
0
0
0
0
0
0
1
0
0
1
1
1
1
1
1
1
1
1
1
1
1
1
1
1
1
1
1
1
1
0
1
0
1
0
1
1
1
1
1
1
1
1
1
1
1
1
1
0
0
0
1
1
1
1
1
1
0
1
1
1
1
1
1
1
0
1
1
0
0
1
0
1
0
1
1
0
0
0
1
1
1
1
1
0
0
1
1
1
0
0
0
0
1
0
0
0
0
0
0
1
1
1
1
1
1
1
1
1
1
1
1
1
1
1
1
1
1
1
1
0
1
1
1
1
1
1
1
1
1
1
1
1
0
1
1
1
0
1
1
1
1
1
1
1
1
1
1
1
1
1
1
1
1
0
0
1
1
0
1
1
1
1
1
1
1
1
1
1
1
1
1
1
1
1
1
1
1
1
1
1
1
1
1
1
1
1
1
1
1
1
1
1
1
1
1
1
1
1
1
1
1
1
1
1
1
1
1
1
2
106300123456
90210123456
125330123456
80070123456
164530123456
60150123456
106280123456
90190123456
125310123456
80080123456
164540123456
60160123456
106270123456
90180123456
125300123456
80090123456
164550123456
60170123456
106250123456
90160123456
125280123456
80100123456
164560123456
60180123456
106290123456
90200123456
125320123456
80110123456
164570123456
60190123456
106260123456
90170123456
125290123456
80120123456
164580123456
60200123456
106310123456
90220123456
125340123456
8013123456
164590123456
60210123456
204380123456
106320123456
90230123456
125350123456
80140123456
164600123456
60220123456
204390123456
106330123456
90240123456
125360123456
80150123456
164610123456
60230123456
204400123456
106340123456
90250123456
125370123456
80160123456
164620123456
60240123456
204410123456
116060123456
106090123456
90020123456
135010123456
125200123456
204230123456
173020123456
164390123456
116080123456
106110123456
90030123456
135020123456
125210123456
204240123456
173030123456
164400123456
116100123456
106130123456
90050123456
135030123456
125220123456
204250123456
173040123456
164410123456
116120123456
106150123456
90070123456
135040123456
125230123456
204260123456
173050123456
164420123456
116140123456
106170123456
90090123456
135050123456
125240123456
204270123456
173060123456
164430123456
116160123456
106190123456
90110123456
135060123456
125250123456
204280123456
173160123456
164630123456
116180123456
106210123456
90130123456
135070123456
125260123456
204290123456
173170123456
164640123456
203930123456
203940123456
203950123456
203960123456
203970123456
203980123456
204000123456
204010123456
204020123456
204030123456
204070123456
204080123456
105610123456
143420123456
105620123456
143430123456
105630123456
143440123456
105640123456
144980123456
322070123456
322030123456
322090123456
322050123456
322100123456
322060123456
322080123456
322040123456
321950123456
321960123456
321970123456
321980123456
321990123456
322010123456
322000123456
322020123456
322400123456
204350123456
172350123456
163020123456
115790123456
115800123456
105790123456
105800123456
106010123456
106020123456
134970123456
125070123456
125160123456
173140123456
164450123456
60130123456
115810123456
115820123456
105810123456
105820123456
106030123456
106040123456
134980123456
125080123456
125170123456
173150123456
164520123456
60140123456
115730123456
115740123456
105730123456
105740123456
105930123456
105940123456
134940123456
125040123456
125110123456
173110123456
164440123456
60100123456
115710123456
115720123456
105710123456
105720123456
105960123456
105950123456
134930123456
125030123456
125120123456
173100123456
164490123456
60090123456
115750123456
115760123456
105750123456
105760123456
105990123456
106000123456
134950123456
125050123456
125150123456
173080123456
164470123456
60060123456
115770123456
115780123456
105770123456
105780123456
105970123456
105980123456
134960123456
125060123456
125140123456
173090123456
164480123456
60080123456
115830123456
115840123456
105830123456
105840123456
106050123456
106060123456
134990123456
125090123456
125180123456
173130123456
164510123456
60120123456
115850123456
115860123456
105850123456
105860123456
106070123456
106080123456
135000123456
1251001123456
125190123456
173120123456
164500123456
60110123456
115440123456
115450123456
105340123456
105350123456
132890123456
124770123456
172730123456
164130123456
115420123456
115430123456
105320123456
105330123456
132880123456
124760123456
172740123456
164140123456
115490123456
115480123456
105380123456
105390123456
134800123456
124790123456
172720123456
164120123456
115460123456
115470123456
105360123456
105370123456
134790123456
124780123456
172790123456
164180123456
115500123456
115510123456
105400123456
105410123456
134810123456
125020123456
172760123456
164150123456
115530123456
115540123456
105420123456
105430123456
134820123456
124800123456
172780123456
164170123456
113550123456
113540123456
104710123456
104700123456
132690123456
124550123456
172770123456
164160123456
113580123456
113560123456
104730123456
104720123456
132700123456
124560123456
172800123456
164190123456
104380123456
116240123456
116230123456
106380123456
106370123456
90270123456
135110123456
125390123456
80170123456
116220123456
11621012356
106360123456
106350123456
90260123456
135100123456
125380123456
80180123456
104370123456
115650123456
105670123456
115550123456
105440123456
204090123456
115590123456
105480123456
204110123456
115630123456
105520123456
204130123456
115570123456
105460123456
204100123456
115610123456
105500123456
204120123456
322390123456
322350123456
322310123456
204340123456
322360123456
322320123456
322280123456
204310123456
322380123456
322340123456
322300123456
204330123456
322370123456
322330123456
322290123456
204320123456
203630123456
321680123456
321700123456
321580123456
321590123456
290310123456
301660123456
283280123456
290320123456
301670123456
283230123456
290290123456
301640123456
283270123456
290280123456
301630123456
283260123456
290330123456
301680123456
283290123456
290300123456
301650123456
28330012345
290260123456
301610123456
283240123456
290500123456
302000123456
283970123456
290490123456
301990123456
283960123456
290340123456
301690123456
283220123456
290270123456
301620123456
283250123456
283400123456
290400123456
301780123456
301840123456
283370123456
290370123456
301720123456
301850123456
203360123456
290360123456
301710123456
301800123456
283410123456
290410123456
301750123456
301860123456
283420123456
290420123456
301760123456
301870123456
283380123456
290380123456
301730123456
301820123456
283390123456
290390123456
301770123456
301830123456
283350123456
290350123456
301700123456
301790123456
284050123456
284060123456
301440123456
290430123456
301930123456
283870123456
290440123456
301940123456
283880123456
290450123456
301950123456
283890123456
290460123456
301960123456
283900123456
290470123456
301970123456
283910123456
290480123456
301980123456
283920123456
283690123456
283700123456
283710123456
283990123456
283720123456
283730123456
283740123456
284000123456
283750123456
283760123456
283770123456
284010123456
283780123456
283790123456
283800123456
284020123456
283810123456
283820123456
283830123456
284030123456
283840123456
283850123456
283860123456
284040123456
330270123456
330280123456
330290123456
330300123456
322190123456
322220123456
322230123456
113050123456
113000123456
113040123456
115330123456
115270123456
115280123456
115290123456
282420123456
282430123456
115250123456
115300123456
115340123456
115320123456
282450123456
282440123456
115350123456
282460123456
282470123456
115360123456
282480123456
282490123456
112990123456
281900123456
115370123456
283450123456
283460123456
283440123456
283430123456
283490123456
283500123456
283340123456
283330123456
283510123456
283520123456
281850123456
281870123456
282370123456
282170123456
282390123456
282050123456
322270123456
322260123456
322250123456
322240123456
152770123456
152780123456
152970123456
152960123456
152950123456
321790123456
321920123456
321910123456
321940123456
322110123456
322120123456
322130123456
322140123456
322150123456
322160123456
322170123456
115680123456
159300123456
134900123456
173070123456
115700123456
115940123456
134920123456
173180123456
115670123456
115920123456
134890123456
173190123456
115690123456
115950123456
134910123456
173200123456
283590123456
283600123456
283610123456
283620123456
283630123456
283640123456
283530123456
283540123456
283550123456
283560123456
283570123456
283580123456
282930123456
282940123456
282950123456
282960123456
282970123456
283000123456
283010123456
283020123456
283650123456
283660123456
283670123456
501530123456
501540123456
501510123456
501520123456
501550123456
501560123456
501680123456
501370123456
501420123456
501570123456
501580123456
501590123456
501600123456
501610123456
501620123456
501630123456
501640123456
501690123456
501700123456
501150123456
501180123456
501200123456
501210123456
501170123456
261970123456
250840123456
262010123456
261960123456
250830123456
262000123456
261980123456
250850123456
262020123456
261950123456
250820123456
261990123456
262060123456
250890123456
262100123456
262040123456
250870123456
262080123456
262030123456
250860123456
26207012456
26205123456
25088123456
262090123456
240830123456
104130123456
124010123456
163510123456
113200123456
113280123456
113260123456
321880123456
163110123456
172390123456
113450123456
104620123456
104630123456
124510123456
143160123456
113470123456
104650123456
104520123456
124430123456
143040123456
163850123456
104290123456
124190123456
143210123456
163590123456
104330123456
124230123456
143200123456
163630123456
282410123456
282500123456
282510123456
290120123456
290150123456
290160123456
290170123456
290180123456
290190123456
104510123456
124420123456
163840123456
152340123456
105550123456
124880123456
164020123456
105660123456
125000123456
164110123456
105650123456
124990123456
164100123456
105680123456
123920123456
163340123456
142720123456
113120123456
115660123456
132400123456
172600123456
172470123456
104670123456
104560123456
124470123456
163890123456
143080123456
105250123456
124710123456
163910123456
143110123456
105270123456
124730123456
163930123456
143130123456
104390123456
124300123456
163720123456
142910123456
121470123456
321830123456
283060123456
283070123456
283080123456
283050123456
283090123456
283100123456
283110123456
283120123456
283130123456
283140123456
283150123456
29140123456
290200123456
282590123456
290210123456
282600123456
290220123456
301570123456
282610123456
290230123456
301580123456
282620123456
290240123456
301590123456
282630123456
290250123456
301600123456
281980123456
282640123456
282650123456
282670123456
282690123456
282700123456
282710123456
282720123456
282730123456
282740123456
282750123456
282770123456
282780123456
282790123456
282800123456
282810123456
282860123456
282870123456
282880123456
282890123456
282900123456
282910123456
282920123456
260820123456
250660123456
260860123456
260830123456
250670123456
260890123456
260840123456
250680123456
260870123456
260850123456
250690123456
260880123456
260910123456
250700123456
260940123456
260930123456
250710123456
260950123456
260920123456
250720123456
260960123456
260900123456
250730123456
260970123456
113310123456
113030123456
113040123456
113010123456
281860123456
281840123456
281910123456
104100123456
104070123456
112390123456
112400123456
122270123456
122270123456
122280123456
122260123456
283190123456
283210123456
283200123456
104440123456
124350123456
163770123456
142960123456
105600123456
124930123456
164070123456
145140123456
105560123456
124890123456
164030123456
145150123456
105540123456
124870123456
164010123456
145160123456
105570123456
124900123456
164040123456
145170123456
105580123456
124910123456
164050123456
145180123456
321640123456
283160123456
283170123456
283180123456
283030123456
283040123456
330360123456
330440123456
301900123456
301910123456
301880123456
301890123456
113170123456
152240123456
113180123456
152250123456
113150123456
152220123456
113190123456
152260123456
115890123456
282300123456
113360123456
282290123456
282310123456
282320123456
282270123456
113320123456
282280123456
282010123456
282030123456
261930123456
250760123456
261810123456
261900123456
250740123456
261010123456
261920123456
250770123456
261020123456
261910123456
250750123456
261800123456
261940123456
250790123456
261840123456
261890123456
250800123456
161830123456
261880123456
250810123456
261850123456
261860123456
250780123456
261820123456
322200123456
322210123456
0