24015
1312
5345
1114086219009
1114086219008
1114086219006
1114086219007
1114086219019
1114086219018
1114086219021
1114086219020
1114030120000
1114030120001
1114030120002
1114030120007
1114030120008
1114086120042
1114086120040
1114086120044
1114086120038
1114086120041
1114086120039
1114086120037
1114086119035
1114086119037
1114086119056
1114086119054
1114086119045
1114086119060
1114086119050
1133030120044
1133086217018
1133086217017
1133086217016
1116086217004
1133086217025
1133086217024
1133086217026
1133086217027
1116086217006
1133086217000
1133086217001
1133086217002
1116086217000
1133086217032
1133086217033
1133086217034
1116086217008
1133086217028
1133086217029
1133086217030
1133086217021
1133086217022
1116086217005
1133086217008
1133086217009
1133086217010
1133086217011
1116086217002
1114086219014
1114086219015
1114086219012
1114086219011
1114086219010
1113092120004
1113092120002
1113092120003
1113092120006
1113092120008
1113092120007
1110092120009
1110092120005
1110092120010
1110092120012
1110092120004
1110092120003
1110092120002
1110092120006
1110092120007
1110092120011
1110092120014
1110092219033
1110092219032
1110086219002
1110086219001
1110086219000
1110086219003
1110030119004
1110030119022
1110030119012
1110030119007
1110030119006
1110030119003
1110030119005
1110030119020
1110030119026
1110030120000
1122090214010
1122090214007
1122090214009
1122090214006
1122090214008
1122090120004
1122090120007
1122090120005
1122090120006
1122090120010
1122090120009
1122090120008
1122090120011
1122090219037
1122090219036
1122090219034
1122090219033
1122090219032
1122090118031
1122090118032
1122090217010
1122090217008
1122090217009
1122030219016
1122090120001
1122090120003
1122090120000
1122090120002
1131090214005
1131090214004
1131090214002
1131090214000
1131090214008
1131090214007
1131090214009
1131090214010
1131090215000
1131090215002
1131090215001
1131090215003
1131090215004
1131090215005
1131090217000
1131090217001
1131090217002
1131090217003
1131090217004
1131090217005
1131090217006
1131090217007
1131092110007
1131092110008
1131092110015
1131092110017
1131092110025
1131092110026
1131092115002
1131092115004
1131092116001
1131092116010
1131092119001
1131092119003
1131092119004
1131092216006
1131092216008
1131090114003
1131090114004
1131090117000
1131090117001
1131090117002
1131090117003
1131090117004
1131090117005
1131090117006
1131090212000
1131090212002
1131090212021
1131090212001
1131090212006
1131090212007
1131090212008
1131090212023
1131090212009
1131090212010
1131090212024
1131090212011
1131090212012
1131090212013
1131090212014
1131090212015
1131090212016
1131090212017
1131090212027
1115030116001
1115030116000
1115030116003
1115086110000
1115086213000
1115086213002
1119086119003
1119086119004
1119086119011
1119086119012
1110092118032
1110092118033
1110092219001
1110092219002
1110092219003
1110092219004
1161092118000
1161092118001
1161092219000
1161092118002
1131092118001
1131092118002
1131092219005
1131092219006
1122092118000
1122092219000
1122092219045
1122092219044
1122092219046
190016
1164086215004
1164086111001
1164086215007
1164086215008
1118086212001
190014
401
402
1130030119015
1130030119013
1130030119016
1130090119000
1130090119001
1128086119001
1128030218001
1113351120001
1113351120003
1113351120002
1113351120000
1113351120005
1127091218013
1127091218004
1127091218016
1127091218007
1127091218012
1127091218014
1127091218030
1127091218031
1127091218019
1127091218034
1127091218020
1127091216002
1127091216005
1179091119001
1179091119000
1179091119003
1179091119002
1179091119008
1139091118089
1139091118091
1139091118093
1139091118095
1139091118090
1139091118092
1139091118094
1139091118097
1139091118099
1139091118101
1139091118098
1139091118100
1139091118102
1139091118081
1139091118085
1139091118087
1139091118084
1139091118086
1139091118088
1139091118109
1139091118110
1139091118111
1139091118112
1139091118107
1139091118108
1139091118105
1139091118106
1139091118104
1769090216001
1769090115005
1769090115007
1769090115015
1769090115019
1769090115025
1769090115029
1769090115001
1769090115003
1769090115017
921
1769090115016
1769090115010
1769090115014
1769090115028
1769090115000
1769090115004
1769090115034
1769090115036
1769090115020
1769090115021
1769090115038
1769090115022
1769090115024
1769090216003
1769090216002
1769090216000
1769090115006
1769090117014
1769090117015
1710030216000
1710092119001
1710092119008
1710030215015
1710092119004
1710092119007
1710092119010
1710092119003
1710092119000
1710092119009
1710030216001
1710092119005
1710092119002
1710030215003
1714030120002
1714030119005
1714030117001
1714030120000
1714030119004
1714030120006
1714030120005
1714030120004
1714030119003
1714086119002
1714086219002
1714086219011
1714086219006
1714086219010
1714086219005
1714086219008
1714086219004
1714086219001
1710030118000
1710030215006
1710030217004
1710030215011
1710030215008
1710030215007
1710030215013
1710030215014
1710030217000
1713090215008
1713090215005
1713090217002
1713090217001
1713090215004
1713090217000
1713090215006
1713090217004
1713090217003
1713090215000
1713090215002
1700
1113092219003
1113092219002
1113092219001
1113092219000
1722090118000
1722090217004
1722090215006
1722090217002
1722090217003
1722090215004
1722090215001
1722090215008
1722090215000
1731090118000
1731090217002
1731090217003
1731090215008
1731090215000
1719030120009
1719030120002
1719030120003
1719030120001
1719030120004
1719030120005
1719030116026
1719030120008
1719030116021
1719030116000
1719030219049
1719030219050
1719030219048
1719030116020
1112030219002
1112030219001
1112030120000
1112030119004
1111086219032
1111086219029
1111086219030
1111086219028
1111086219027
1111086219031
1111086219026
3091
3092
1111086219022
3095
1113090219016
1113090219018
1113034119009
1113034119005
1113034119006
1113034119007
1113086216012
1113086216003
700022
1113086218006
1113086218007
1113086219005
1113086118008
1113086118009
1113086118011
1113086118007
1113086118002
1113086118003
1113086118005
1113086118001
1113086118000
1113086118004
1128086120002
1128086120000
1128086120003
1128086120001
1128086120004
1128086120005
1719030120036
1719030120033
1719030120021
1719030120018
1719030120015
1719030120012
1719030120024
1719030120035
1719030120020
1719030120017
1719030120014
1719030120011
1719030120023
1111086219039
1111086219037
1111086219038
1111086219036
1111086219035
1111086219034
1111086219012
1111086219009
1111086219014
1111086219008
1111086219003
1111086218037
1111086218038
τεστ
1113086220012
1113086220009
1113086220008
1113086220010
1113086220007
1113086220011
1113086220013
1113086220005
1113086220002
1113086220001
1113086220003
1113086220000
1113086220004
1113086220006
1116086220012
1116086220009
1116086220008
1116086220010
1116086220007
1116086220011
1116086220013
1133086220005
1133086220000
1133086220002
1133086220006
1133086220003
1133086220001
1110092220031
1110092220027
1110092220005
1110092220004
1110092220001
1110092220025
1110092220024
1110092220026
1110092220029
1110092220030
1110092220039
1110092220035
1110092220013
1110092220012
1110092220009
1110092220033
1110092220032
1110092220034
1110092220037
1110092220038
1110092220047
1110092220043
1110092220021
1110092220020
1110092220017
1110092220041
1110092220040
1110092220042
1110092220045
1110092220046
1111086220019
1111086220021
1111086220023
1111086220020
1111086220025
1111086220024
1111086220022
1111086219054
1111086219057
1111086219056
1111086219055
1111086220012
1111086220014
1111086220016
1111086220013
1111086220018
1111086220017
1112092220018
1112092220016
1112092220006
1112092220020
1112092220001
1112092220002
1112092220005
1112092220003
1110092220056
1110092220054
1110092220058
1110092220010
1110092220011
1110092220055
1110092219019
1110092219018
1110092220059
1110092220057
1131090212004
1131090212005
1131090212022
1131090212003
1769090117023
1769090117022
1769090117021
1769090117012
1110092119010
1110092119012
1110092119013
1110092119014
1110092119015
1110092119016
1110092119019
1110092120030
1110092120039
1110092219038
1110092219039
1110092119000
1110092119002
1110092119003
1110092119004
1110092119005
1110092119009
1110092219036
1110092219037
1110092120029
1112092219029
1112092219030
1112030219025
1112030219026
1112092219031
1112092120000
1112092120003
1112092219026
1117092119000
1117092119002
1117092119003
1117092119004
1117092119005
1117092119009
1117092120001
1117092120002
1117092219002
1117092219003
1122090220000
1122090220001
1122090220002
1122090220003
1122090220004
1122090220005
1122090220006
1122090220007
1113090219003
1113034119000
1113090219001
1113090219004
1113034119010
1113034119004
1110092119057
1110092119058
1110092119059
1110092119061
1110092119062
1110092120000
1133030120000
1133030120009
1133030120018
1133030120027
1133030120003
1133030120012
1133030120021
1133030120030
1133030120002
1133030120011
1133030120020
1133030120029
1133030120040
1133030120046
1133030120052
1133030120058
1133030120057
1133030120037
1133030120042
1133030120049
1133030120055
1133030120036
1133030120048
1133030120054
1133030120001
1133030120010
1133030120019
1133030120028
1137086117006
1137086117008
1169090218019
1169090218018
1169090218028
1169090218029
1169090219006
1169090219007
1169090219013
1113034220012
1113034220011
1113034220008
1113034119012
1113034119011
1131090214003
1131090214001
1131090214006
1131090214011
0
0
0
0
0
0
1
1
0
0
0
0
0
1
1
1
1
1
1
1
1
1
1
1
0
1
1
1
1
1
1
1
0
0
0
0
0
0
0
0
1
0
0
0
0
0
0
0
0
0
1
1
0
0
0
0
0
0
0
0
1
1
1
0
1
1
1
1
1
1
1
1
1
1
1
0
0
0
1
0
1
1
1
1
1
1
1
1
0
1
1
1
1
1
1
1
1
1
0
0
0
0
0
0
0
1
0
1
1
1
1
1
1
1
1
1
1
1
1
1
1
1
0
0
1
0
1
1
1
1
1
1
1
1
1
1
1
1
1
1
1
1
0
1
1
1
1
1
1
1
1
1
1
1
1
1
1
1
1
1
1
1
1
1
1
1
1
1
1
0
0
1
1
1
0
1
1
1
1
1
1
1
1
1
1
1
1
1
1
1
0
0
0
1
1
1
1
1
1
0
0
1
1
1
1
1
1
1
1
1
1
1
1
1
1
1
1
0
0
0
1
1
1
1
1
1
1
0
0
1
1
1
1
1
1
1
1
1
1
1
1
1
0
1
0
1
1
1
1
1
1
1
1
0
1
1
1
1
1
0
0
0
0
1
1
1
1
1
1
1
1
0
0
0
0
0
1
1
1
1
1
0
1
1
1
1
0
1
1
0
1
1
1
1
1
0
1
1
1
1
1
1
1
1
1
1
1
1
1
1
1
1
1
1
1
1
1
1
1
1
1
1
1
1
1
0
1
1
1
1
1
1
0
1
0
1
1
1
1
1
1
1
1
1
0
1
1
1
0
1
1
1
1
1
1
1
1
1
1
1
1
1
1
1
1
1
1
1
1
0
1
1
1
1
1
1
1
1
1
1
1
1
1
1
1
0
1
1
1
0
0
1
0
0
1
0
0
1
1
1
1
1
1
1
0
0
1
1
0
0
1
0
1
0
0
1
1
1
1
1
1
1
0
1
1
1
0
1
0
0
0
1
1
1
1
1
1
1
0
1
1
1
1
1
1
1
1
1
1
1
1
0
1
1
1
1
1
1
1
1
1
1
0
1
0
1
0
0
1
0
0
0
1
1
1
1
1
1
1
1
1
1
1
1
1
1
1
1
1
1
1
1
1
1
1
1
1
1
1
1
1
1
1
1
1
1
1
1
1
1
1
1
1
1
1
1
1
1
1
1
1
1
1
1
1
1
1
1
1
1
1
1
1
1
1
1
1
1
1
1
1
1
1
1
1
1
1
1
1
1
1
1
1
1
1
1
1
1
1
1
0
1
1
1
1
1
1
1
1
1
1
1
1
1
1
1
1
1
1
1
1
1
1
1
1
1
1
1
1
1
1
1
1
1
1
1
1
1
1
1
1
1
1
1
1
1
1
1
1
1
1
1
1
1
1
1
1
1
1
1
1
1
1
1
1
1
1
1
1
1
1
1
1
0
1
1
1
0
1
1
0
1
1
1
1
1
0
1
1
1
0
1
1
1
1
0
1
1
1
1
1
1
1
1
1
1
1
1
1
1
1
1
1
0
1
0
2
000000131828
000000190014
000000190015
000000190016
000000700022
000000700032
000000700033
1110008612000
1110008612001
1110008612002
1110008612003
1110008622000
1110008622001
1110008622002
1110008622003
1110009021800
1110009021802
1110009021803
1110009021804
1110009222000
1110009222001
1110009222002
1110009222003
1110009222004
1110030119003
1110030119004
1110030119005
1110030119006
1110030119007
1110030119012
1110030119013
1110030119020
1110030119021
1110030119022
1110030119023
1110030119026
1110030120000
1110030220014
1110030220016
1110030220017
1110030220018
1110086219000
1110086219001
1110086219002
1110086219003
1110092118032
1110092118033
1110092118037
1110092118038
1110092118039
1110092118040
1110092118041
1110092118043
1110092119000
1110092119002
1110092119003
1110092119004
1110092119005
1110092119006
1110092119009
1110092119010
1110092119012
1110092119013
1110092119014
1110092119015
1110092119016
1110092119019
1110092119020
1110092119022
1110092119023
1110092119024
1110092119025
1110092119029
1110092119054
1110092119055
1110092119057
1110092119058
1110092119059
1110092119061
1110092119062
1110092120000
1110092120002
1110092120003
1110092120004
1110092120005
1110092120006
1110092120007
1110092120009
1110092120010
1110092120011
1110092120012
1110092120014
1110092120015
1110092120021
1110092120024
1110092120029
1110092120030
1110092120031
1110092120032
1110092120033
1110092120034
1110092120035
1110092120036
1110092120037
1110092120038
1110092120039
1110092120040
1110092219000
1110092219001
1110092219002
1110092219003
1110092219004
1110092219005
1110092219006
1110092219007
1110092219009
1110092219011
1110092219012
1110092219013
1110092219014
1110092219017
1110092219018
1110092219019
1110092219020
1110092219023
1110092219025
1110092219026
1110092219028
1110092219029
1110092219032
1110092219033
1110092219035
1110092219036
1110092219037
1110092219038
1110092219039
1110092219040
1110092219041
1110092220001
1110092220002
1110092220003
1110092220004
1110092220005
1110092220006
1110092220007
1110092220009
1110092220010
1110092220011
1110092220012
1110092220013
1110092220014
1110092220015
1110092220017
1110092220018
1110092220019
1110092220020
1110092220021
1110092220022
1110092220023
1110092220024
1110092220025
1110092220026
1110092220027
1110092220028
1110092220029
1110092220030
1110092220031
1110092220032
1110092220033
1110092220034
1110092220035
1110092220036
1110092220037
1110092220038
1110092220039
1110092220040
1110092220041
1110092220042
1110092220043
1110092220044
1110092220045
1110092220046
1110092220047
1110092220048
1110092220049
1110092220050
1110092220051
1110092220052
1110092220053
1110092220054
1110092220055
1110092220056
1110092220057
1110092220058
1110092220059
1111030218001
1111030219000
1111030219001
1111030219002
1111030219003
1111030219005
1111030219006
1111030219007
1111030219008
1111030219009
1111030219010
1111030219011
1111030219012
1111030219013
1111030219014
1111030219015
1111030219016
1111030219017
1111030219020
1111030219022
1111030219023
1111030219024
1111030220000
1111030220001
1111030220002
1111030220003
1111030220004
1111030220005
1111030220006
1111030220007
1111086118000
1111086213016
1111086213017
1111086213018
1111086213019
1111086213029
1111086213030
1111086218013
1111086218031
1111086218036
1111086218037
1111086218038
1111086218039
1111086219003
1111086219007
1111086219008
1111086219009
1111086219010
1111086219011
1111086219012
1111086219014
1111086219015
1111086219016
1111086219017
1111086219018
1111086219019
1111086219022
1111086219026
1111086219027
1111086219028
1111086219029
1111086219030
1111086219031
1111086219032
1111086219033
1111086219034
1111086219035
1111086219036
1111086219037
1111086219038
1111086219039
1111086219040
1111086219041
1111086219042
1111086219043
1111086219044
1111086219045
1111086219046
1111086219047
1111086219048
1111086219049
1111086219050
1111086219051
1111086219054
1111086219055
1111086219056
1111086219057
1111086220000
1111086220001
1111086220002
1111086220003
1111086220004
1111086220005
1111086220006
1111086220007
1111086220008
1111086220009
1111086220010
1111086220011
1111086220012
1111086220013
1111086220014
1111086220015
1111086220016
1111086220017
1111086220018
1111086220019
1111086220020
1111086220021
1111086220022
1111086220023
1111086220024
1111086220025
1111086220026
1111086220027
1111086220028
1111086220029
1111086220030
1111086220031
1111086220032
1111086220033
1111086220034
1111086220035
1111086220036
1111086220037
1112030119002
1112030119003
1112030119004
1112030119006
1112030119007
1112030120000
1112030218001
1112030219001
1112030219002
1112030219006
1112030219010
1112030219012
1112030219017
1112030219018
1112030219021
1112030219022
1112030219025
1112030219026
1112030220000
1112030220001
1112030220002
1112030220003
1112030220004
1112030220005
1112030220006
1112030220007
1112030220008
1112030220010
1112030220011
1112030220012
1112030220013
1112030220014
1112030220015
1112030220016
1112092118000
1112092118001
1112092118003
1112092118004
1112092118005
1112092120000
1112092120001
1112092120002
1112092120003
1112092219000
1112092219001
1112092219002
1112092219003
1112092219004
1112092219007
1112092219009
1112092219011
1112092219015
1112092219020
1112092219021
1112092219022
1112092219023
1112092219024
1112092219025
1112092219026
1112092219027
1112092219028
1112092219029
1112092219030
1112092219031
1112092220001
1112092220002
1112092220003
1112092220004
1112092220005
1112092220006
1112092220007
1112092220008
1112092220009
1112092220010
1112092220011
1112092220012
1112092220013
1112092220014
1112092220015
1112092220016
1112092220017
1112092220018
1112092220019
1112092220020
1112092220021
1113034119000
1113034119001
1113034119002
1113034119004
1113034119005
1113034119006
1113034119007
1113034119008
1113034119009
1113034119010
1113034119011
1113034119012
1113034220001
1113034220002
1113034220003
1113034220004
1113034220005
1113034220006
1113034220007
1113034220008
1113034220011
1113034220012
1113034220013
1113086118000
1113086118001
1113086118002
1113086118003
1113086118004
1113086118005
1113086118006
1113086118007
1113086118008
1113086118009
1113086118010
1113086118011
1113086120000
1113086120001
1113086120002
1113086120003
1113086120004
1113086120005
1113086120006
1113086120007
1113086216003
1113086216004
1113086216012
1113086218006
1113086218007
1113086219004
1113086219005
1113086219006
1113086219007
1113086219015
1113086219016
1113086219019
1113086219021
1113086220000
1113086220001
1113086220002
1113086220003
1113086220004
1113086220005
1113086220006
1113086220007
1113086220008
1113086220009
1113086220010
1113086220011
1113086220012
1113086220013
1113090219000
1113090219001
1113090219002
1113090219003
1113090219004
1113090219005
1113090219008
1113090219009
1113090219011
1113090219012
1113090219015
1113090219016
1113090219018
1113092118000
1113092118001
1113092120001
1113092120002
1113092120003
1113092120004
1113092120006
1113092120007
1113092120008
1113092120009
1113092120011
1113092120012
1113092120013
1113092120014
1113092219000
1113092219001
1113092219002
1113092219003
1113351120000
1113351120001
1113351120002
1113351120003
1113351120004
1113351120005
1113351120008
1113351120009
1113351120010
1113351120011
1113351120012
1113351120013
1113351120015
1113351120016
1113351120017
1113351120018
1113351120019
1113351120020
1113351120021
1113351120022
1113351120023
1113351120024
1114030120001
1114030120002
1114030120003
1114030120004
1114030120007
1114030120008
1114030120010
1114030217001
1114086119035
1114086119037
1114086119038
1114086119043
1114086119045
1114086119054
1114086119056
1114086119060
1114086120036
1114086120037
1114086120038
1114086120039
1114086120040
1114086120041
1114086120044
1114086219002
1114086219003
1114086219004
1114086219005
1114086219006
1114086219007
1114086219008
1114086219009
1114086219010
1114086219011
1114086219012
1114086219013
1114086219014
1114086219015
1114086219016
1114086219017
1114086219018
1114086219019
1114086219020
1114086219021
1115030116000
1115030116001
1115030116002
1115030116003
1115030217002
1115030218003
1115086110000
1115086110001
1115086111000
1115086116000
1115086213000
1115086213002
1115086220000
1116030113008
1116030113010
1116030113012
1116030113013
1116030217010
1116030218018
1116030219003
1116030219008
1116030219009
1116030219010
1116030219011
1116030219012
1116030219014
1116030220000
1116030220001
1116030220002
1116030220003
1116030220004
1116030220005
1116030220006
1116030220007
1116030220009
1116086119000
1116086119001
1116086119002
1116086119003
1116086120000
1116086120001
1116086217000
1116086217002
1116086217003
1116086217004
1116086217005
1116086217006
1116086217007
1116086217008
1116086219000
1116086219001
1116086219002
1116086219003
1116086219004
1116086219005
1116086219006
1116086219007
1116086219008
1116086219009
1116086219010
1116086219011
1116086219012
1116086219013
1116086219014
1116086219015
1116086219016
1116086219017
1116086219018
1116086220000
1116086220001
1116086220002
1116086220003
1116086220004
1116086220005
1116086220006
1116086220007
1116086220008
1116086220009
1116086220010
1116086220011
1116086220012
1116086220013
1116351120000
1116351120001
1116351120002
1116351120003
1116351120004
1116351120005
1116351120006
1116351120007
1116351120008
1116351120009
1116351120010
1116351120011
1116351120012
1116351120013
1116351120014
1117030120000
1117030120001
1117030120002
1117030120003
1117030120004
1117030120006
1117030120007
1117030120008
1117030120009
1117030120010
1117030120011
1117030120012
1117030220007
1117030220008
1117030220009
1117030220010
1117030220011
1117030220012
1117030220013
1117030220014
1117030220015
1117030220017
1117030220018
1117030220019
1117086217000
1117092119000
1117092119002
1117092119003
1117092119004
1117092119005
1117092119006
1117092119009
1117092119010
1117092119011
1117092119012
1117092119014
1117092119015
1117092120000
1117092120001
1117092120002
1117092219002
1117092219003
1118086111000
1118086111001
1118086111002
1118086111003
1118086111004
1118086111005
1118086212000
1118086212001
1118086212002
1118086212003
1118086212004
1118086212005
1119030114008
1119030114009
1119030219001
1119030219002
1119086117000
1119086117001
1119086117002
1119086117009
1119086117010
1119086117011
1119086119000
1119086119001
1119086119002
1119086119003
1119086119004
1119086119005
1119086119006
1119086119007
1119086119008
1119086119009
1119086119010
1119086119011
1119086119012
1119086119013
1119086220000
1119086220001
1119086220002
1119086220003
1122030119000
1122030119001
1122030119002
1122030119003
1122030120000
1122030120001
1122030120002
1122030120003
1122030120004
1122030120005
1122030120006
1122030120007
1122030120008
1122030120009
1122030120010
1122030216002
1122030216003
1122030218007
1122030218016
1122030218017
1122030218018
1122030218019
1122030218020
1122030219000
1122030219001
1122030219002
1122030219003
1122030219004
1122030219005
1122030219006
1122030219007
1122030219008
1122030219009
1122030219010
1122030219011
1122030219012
1122030219013
1122030219016
1122030219017
1122030219018
1122030219019
1122030219020
1122030219021
1122030219022
1122030219023
1122030219024
1122030219025
1122030220000
1122030220001
1122030220002
1122030220003
1122030220004
1122030220005
1122030220006
1122030220007
1122086120000
1122086120001
1122086120002
1122086120003
1122086213001
1122086220000
1122090118021
1122090118023
1122090118024
1122090118025
1122090118031
1122090118032
1122090119015
1122090119016
1122090119017
1122090119018
1122090119019
1122090119020
1122090119021
1122090119022
1122090119023
1122090119024
1122090119025
1122090119026
1122090119027
1122090119029
1122090119030
1122090119037
1122090119038
1122090120000
1122090120001
1122090120002
1122090120003
1122090120004
1122090120005
1122090120006
1122090120007
1122090120008
1122090120009
1122090120010
1122090120011
1122090120012
1122090120013
1122090120014
1122090120015
1122090120016
1122090120017
1122090120018
1122090120019
1122090120020
1122090120021
1122090120022
1122090120023
1122090120024
1122090120025
1122090120026
1122090120027
1122090120028
1122090120029
1122090120030
1122090120031
1122090120032
1122090120033
1122090120034
1122090120035
1122090211001
1122090211028
1122090211029
1122090214006
1122090214007
1122090214008
1122090214009
1122090214010
1122090217008
1122090217009
1122090217010
1122090217011
1122090217027
1122090217028
1122090217029
1122090217030
1122090217031
1122090217032
1122090217033
1122090217034
1122090217035
1122090217036
1122090217037
1122090217038
1122090217039
1122090217040
1122090218022
1122090218023
1122090218024
1122090218025
1122090218026
1122090218027
1122090219007
1122090219012
1122090219015
1122090219017
1122090219020
1122090219021
1122090219022
1122090219023
1122090219025
1122090219027
1122090219028
1122090219030
1122090219031
1122090219032
1122090219033
1122090219034
1122090219035
1122090219036
1122090219037
1122090220000
1122090220001
1122090220002
1122090220003
1122090220004
1122090220005
1122090220006
1122090220007
1122092118000
1122092118001
1122092219000
1122092219003
1122092219004
1122092219005
1122092219006
1122092219007
1122092219008
1122092219009
1122092219011
1122092219012
1122092219013
1122092219014
1122092219015
1122092219016
1122092219017
1122092219018
1122092219019
1122092219021
1122092219022
1122092219023
1122092219024
1122092219025
1122092219026
1122092219027
1122092219028
1122092219029
1122092219031
1122092219032
1122092219033
1122092219034
1122092219035
1122092219036
1122092219037
1122092219038
1122092219039
1122092219041
1122092219042
1122092219043
1122092219044
1122092219045
1122092219046
1122092220001
1122092220002
1122092220003
1122092220004
1127091115026
1127091115027
1127091115028
1127091119000
1127091119001
1127091119002
1127091119003
1127091119004
1127091119005
1127091119006
1127091119007
1127091120000
1127091120001
1127091120002
1127091120003
1127091120004
1127091120005
1127091120006
1127091120007
1127091120008
1127091120009
1127091120010
1127091120011
1127091120012
1127091120013
1127091120014
1127091120015
1127091120016
1127091120017
1127091120018
1127091120019
1127091120020
1127091120021
1127091120022
1127091120023
1127091120024
1127091120025
1127091120026
1127091120027
1127091120028
1127091120029
1127091120030
1127091120031
1127091120032
1127091120033
1127091120034
1127091120035
1127091120036
1127091120037
1127091120038
1127091120039
1127091120040
1127091120041
1127091120042
1127091120043
1127091120044
1127091120045
1127091120046
1127091216002
1127091216004
1127091216005
1127091216006
1127091216007
1127091216008
1127091216009
1127091216010
1127091216011
1127091218003
1127091218004
1127091218005
1127091218007
1127091218012
1127091218013
1127091218014
1127091218015
1127091218016
1127091218017
1127091218018
1127091218019
1127091218020
1127091218021
1127091218022
1127091218023
1127091218024
1127091218025
1127091218026
1127091218030
1127091218031
1127091218032
1127091218034
1127091218035
1128030119000
1128030119001
1128030119002
1128030119003
1128030120000
1128030120001
1128030120002
1128030120003
1128030120004
1128030120005
1128030120006
1128030120007
1128030120008
1128030120009
1128030120010
1128030120011
1128030216003
1128030216004
1128030216013
1128030216014
1128030217000
1128030217001
1128030217004
1128030217005
1128030217006
1128030217007
1128030217008
1128030217009
1128030217010
1128030217011
1128030217012
1128030217013
1128030217014
1128030217015
1128030217016
1128030217017
1128030218000
1128030218001
1128030218002
1128030218003
1128030218004
1128030218005
1128030218006
1128030218007
1128030218008
1128030218009
1128030218010
1128030218011
1128030218012
1128030218013
1128030220000
1128030220001
1128030220002
1128030220003
1128030220004
1128030220005
1128086119001
1128086120000
1128086120001
1128086120002
1128086120003
1128086120004
1128086120005
1130030118004
1130030118005
1130030119000
1130030119001
1130030119002
1130030119003
1130030119004
1130030119005
1130030119006
1130030119007
1130030119008
1130030119009
1130030119010
1130030119011
1130030119012
1130030119013
1130030119014
1130030119015
1130030119016
1130030119017
1130030120002
1130030120003
1130030120005
1130030120010
1130090119000
1130090119001
1130091119000
1130091119001
1130091119002
1130091119003
1130091119004
1130091119005
1130091119006
1130091119007
1130091119008
1130091119009
1130091119010
1131090114003
1131090114004
1131090114005
1131090114006
1131090114007
1131090114008
1131090114009
1131090117000
1131090117001
1131090117002
1131090117003
1131090117004
1131090117005
1131090117006
1131090212000
1131090212001
1131090212002
1131090212003
1131090212004
1131090212005
1131090212006
1131090212007
1131090212008
1131090212009
1131090212010
1131090212011
1131090212012
1131090212013
1131090212014
1131090212015
1131090212016
1131090212017
1131090212021
1131090212022
1131090212023
1131090212024
1131090212027
1131090214000
1131090214001
1131090214002
1131090214003
1131090214004
1131090214005
1131090214006
1131090214007
1131090214008
1131090214009
1131090214010
1131090214011
1131090215000
1131090215001
1131090215002
1131090215003
1131090215004
1131090215005
1131090217000
1131090217001
1131090217002
1131090217003
1131090217004
1131090217005
1131090217006
1131090217007
1131090217008
1131090217009
1131090217010
1131090217011
1131090217012
1131090217013
1131090217014
1131090217015
1131090217016
1131090217017
1131090219004
1131090219005
1131090219006
1131090219007
1131090219008
1131090219009
1131090219010
1131090219011
1131090219012
1131090219013
1131090219014
1131090219015
1131090219016
1131090219017
1131090219018
1131092110006
1131092110007
1131092110008
1131092110015
1131092110016
1131092110017
1131092110024
1131092110025
1131092110026
1131092115000
1131092115001
1131092115002
1131092115003
1131092115004
1131092115005
1131092115008
1131092115009
1131092115010
1131092115011
1131092115012
1131092115013
1131092116000
1131092116001
1131092116002
1131092116009
1131092116010
1131092116011
1131092118000
1131092118001
1131092118002
1131092119000
1131092119001
1131092119002
1131092119003
1131092119004
1131092119005
1131092119006
1131092119007
1131092213018
1131092213019
1131092213020
1131092213021
1131092213022
1131092213023
1131092213024
1131092213025
1131092213026
1131092213027
1131092213028
1131092213029
1131092213035
1131092213036
1131092213037
1131092213038
1131092213039
1131092213040
1131092216006
1131092216007
1131092216008
1131092216013
1131092216014
1131092216015
1131092216016
1131092216017
1131092216018
1131092219000
1131092219001
1131092219002
1131092219003
1131092219004
1131092219005
1131092219006
1131092219007
1131092219008
1131092219009
1131092219010
1131092219011
1131092219012
1131092219013
1131092219014
1131092219015
1131092219016
1131092219018
1131092219021
1131092219022
1131092219023
1131092219025
1131092219029
1131092219030
1131092219031
1131092219034
1131092219036
1131092219038
1131092219039
1131092219041
1131092219042
1131092219044
1131092219045
1131092219046
1131092219049
1131092219050
1133030120000
1133030120001
1133030120002
1133030120003
1133030120004
1133030120005
1133030120006
1133030120007
1133030120008
1133030120009
1133030120010
1133030120011
1133030120012
1133030120013
1133030120014
1133030120015
1133030120016
1133030120017
1133030120018
1133030120019
1133030120020
1133030120021
1133030120022
1133030120023
1133030120024
1133030120025
1133030120026
1133030120027
1133030120028
1133030120029
1133030120030
1133030120031
1133030120032
1133030120033
1133030120034
1133030120035
1133030120036
1133030120037
1133030120038
1133030120039
1133030120040
1133030120041
1133030120042
1133030120043
1133030120044
1133030120045
1133030120046
1133030120047
1133030120048
1133030120049
1133030120050
1133030120051
1133030120052
1133030120053
1133030120054
1133030120055
1133030120056
1133030120057
1133030120058
1133030120059
1133030217064
1133030217065
1133030217066
1133030217067
1133030217068
1133030217069
1133030217070
1133030217071
1133030217072
1133030217073
1133030217074
1133030217075
1133030217076
1133030217077
1133030217078
1133030217079
1133030217080
1133030217081
1133030217082
1133030217083
1133030217084
1133030217085
1133030217086
1133030217087
1133030218085
1133030218086
1133030218087
1133030218088
1133030219013
1133030219015
1133030219018
1133030219025
1133030219027
1133030219032
1133030219034
1133030219037
1133030219039
1133030219040
1133030219041
1133030219042
1133030219047
1133030219049
1133030219050
1133030219053
1133030219054
1133030219055
1133030219057
1133030219058
1133030219059
1133030219060
1133030220000
1133030220001
1133030220002
1133030220003
1133030220004
1133030220005
1133030220006
1133030220007
1133030220008
1133030220009
1133030220010
1133030220011
1133030220012
1133030220013
1133030220014
1133030220015
1133030220016
1133030220017
1133030220018
1133030220019
1133030220020
1133030220021
1133030220022
1133030220023
1133030220024
1133030220025
1133030220026
1133030220027
1133030220028
1133030220029
1133030220030
1133030220031
1133030220032
1133030220033
1133030220034
1133030220035
1133030220036
1133030220037
1133030220038
1133030220039
1133030220040
1133030220041
1133030220042
1133030220043
1133030220044
1133030220045
1133030220046
1133030220047
1133030220048
1133030220049
1133030220050
1133030220051
1133030220052
1133030220053
1133030220054
1133030220055
1133030220056
1133030220057
1133030220058
1133030220059
1133086117017
1133086117024
1133086117025
1133086120000
1133086120001
1133086120002
1133086120003
1133086120004
1133086120005
1133086120006
1133086120007
1133086217000
1133086217001
1133086217002
1133086217003
1133086217008
1133086217009
1133086217010
1133086217011
1133086217012
1133086217013
1133086217014
1133086217015
1133086217016
1133086217017
1133086217018
1133086217019
1133086217020
1133086217021
1133086217022
1133086217023
1133086217024
1133086217025
1133086217026
1133086217027
1133086217028
1133086217029
1133086217030
1133086217031
1133086217032
1133086217033
1133086217034
1133086217035
1133086218004
1133086218005
1133086219000
1133086219001
1133086219002
1133086219003
1133086220000
1133086220001
1133086220002
1133086220003
1133086220004
1133086220005
1133086220006
1137086117000
1137086117002
1137086117004
1137086117006
1137086117008
1137086117010
1139091118081
1139091118082
1139091118083
1139091118084
1139091118085
1139091118086
1139091118087
1139091118088
1139091118089
1139091118090
1139091118091
1139091118092
1139091118093
1139091118094
1139091118095
1139091118096
1139091118097
1139091118098
1139091118099
1139091118100
1139091118101
1139091118102
1139091118103
1139091118104
1139091118105
1139091118106
1139091118107
1139091118108
1139091118109
1139091118110
1139091118111
1139091118112
1152030118003
1152030118004
1152030118005
1152030118009
1152030219001
1152030219003
1152030219005
1152030219006
1161030219000
1161030219001
1161030219002
1161092118000
1161092118001
1161092118002
1161092118003
1161092118004
1161092118005
1161092219000
1164086111000
1164086111001
1164086111002
1164086111003
1164086111004
1164086215004
1164086215006
1164086215007
1164086215008
1164086217000
1169090119000
1169090119012
1169090119036
1169090119037
1169090119040
1169090119041
1169090120000
1169090120001
1169090120002
1169090120003
1169090120004
1169090120005
1169090120006
1169090120007
1169090120008
1169090120009
1169090120010
1169090120011
1169090120012
1169090120013
1169090120014
1169090120015
1169090120016
1169090120017
1169090120020
1169090120021
1169090120024
1169090120025
1169090218008
1169090218017
1169090218018
1169090218019
1169090218020
1169090218022
1169090218027
1169090218028
1169090218029
1169090218031
1169090218033
1169090218034
1169090218035
1169090219003
1169090219004
1169090219006
1169090219007
1169090219008
1169090219009
1169090219013
1169090219014
1169090219015
1176086219000
1176086219001
1176086219002
1176086219003
1176086219004
1176086219005
1176086220000
1176086220001
1176086220002
1179091119000
1179091119001
1179091119002
1179091119003
1179091119004
1179091119005
1179091119008
1179091119009
1187091120000
1187091120001
1187091120002
1187091120003
1187091120004
1187091120005
1187091120006
1187091120007
1187091120008
1187091120009
1187091120010
1187091120011
1187091120012
1187091120013
1187091120014
1187091120015
1187091120016
1187091120017
1187091120018
1187091120019
1187091120020
1187091120021
1187091120022
1611086112000
1611086112001
1710030117006
1710030117007
1710030117009
1710030117010
1710030117011
1710030118000
1710030215000
1710030215001
1710030215002
1710030215003
1710030215004
1710030215005
1710030215006
1710030215007
1710030215008
1710030215009
1710030215010
1710030215011
1710030215012
1710030215013
1710030215014
1710030215015
1710030216000
1710030216001
1710030217000
1710030217001
1710030217002
1710030217003
1710030217004
1710030218000
1710030218001
1710030218002
1710092119000
1710092119001
1710092119002
1710092119003
1710092119004
1710092119005
1710092119006
1710092119007
1710092119008
1710092119009
1710092119010
1711030117000
1711030117001
1711030117002
1711030117004
1711030117005
1711030119000
1711030119001
1711030119002
1711030119003
1711030119004
1711030119005
1711030119006
1711030119007
1711030119008
1711030119009
1711030119010
1711030120000
1711030120001
1711030120002
1711030120003
1711030120004
1711030120005
1711030120006
1711030215001
1711030215004
1711030215012
1711030215017
1711030215019
1711030216000
1711030216002
1711030216003
1711030216004
1711030218000
1711030218002
1712030116006
1712030116007
1712030116008
1712030116009
1712030117009
1712030117010
1712030117012
1712030117013
1712030117014
1712030119000
1712030119001
1712030119002
1712030119003
1712030119004
1712030119005
1712030119006
1712030119007
1712030119008
1712030119009
1712030119010
1712030120000
1712030120001
1712030120002
1712030215000
1712030215001
1712030215002
1712030215003
1712030215004
1712030215005
1712030215008
1712030215012
1712030215019
1712030215020
1712030216000
1712030216001
1712030218000
1712030218001
1712030218003
1713030117000
1713030117001
1713030119000
1713030119001
1713030119002
1713030119003
1713030119004
1713030119005
1713030119006
1713030119007
1713030215000
1713030215001
1713030215003
1713030215004
1713030215006
1713030215007
1713030215008
1713030216000
1713030216001
1713030216002
1713030216003
1713086117000
1713086117001
1713086215000
1713086215001
1713086215002
1713090118000
1713090215000
1713090215002
1713090215003
1713090215004
1713090215005
1713090215006
1713090215008
1713090217000
1713090217001
1713090217002
1713090217003
1713090217004
1714030117000
1714030117001
1714030117002
1714030117004
1714030117006
1714030117007
1714030117008
1714030117014
1714030119001
1714030119003
1714030119004
1714030119005
1714030119008
1714030119009
1714030119010
1714030119011
1714030119014
1714030120000
1714030120001
1714030120002
1714030120003
1714030120004
1714030120005
1714030120006
1714030218000
1714030218001
1714030218002
1714086119002
1714086219001
1714086219002
1714086219003
1714086219004
1714086219005
1714086219006
1714086219007
1714086219008
1714086219009
1714086219010
1714086219011
1715086116000
1715086215000
1716030117003
1716030117005
1716030117007
1716030117012
1716030117013
1716030117040
1716030117041
1716030117044
1716030117045
1716030117046
1716030118000
1716030118001
1716030118002
1716030118003
1716030118005
1716030118006
1716030118007
1716030118008
1716030118009
1716030118010
1716030119000
1716030119002
1716030119003
1716030119004
1716030119005
1716030119006
1716030119007
1716030119008
1716030119009
1716030119010
1716030218000
1716030218001
1716030218002
1717030120000
1717030120001
1717030120002
1717030120003
1717030120004
1717030120005
1719030116000
1719030116001
1719030116002
1719030116003
1719030116004
1719030116005
1719030116007
1719030116011
1719030116012
1719030116013
1719030116014
1719030116020
1719030116021
1719030116022
1719030116023
1719030116024
1719030116025
1719030116026
1719030116027
1719030116028
1719030116029
1719030116030
1719030116031
1719030116032
1719030116033
1719030116034
1719030116035
1719030116036
1719030116037
1719030116038
1719030116039
1719030116040
1719030118000
1719030118001
1719030118002
1719030118003
1719030118005
1719030118006
1719030118007
1719030118008
1719030118009
1719030118010
1719030118011
1719030118012
1719030118013
1719030118014
1719030118016
1719030118017
1719030118018
1719030118019
1719030118020
1719030118021
1719030118025
1719030118026
1719030118027
1719030118028
1719030118029
1719030118033
1719030119000
1719030119003
1719030119004
1719030119005
1719030119006
1719030119007
1719030119008
1719030119012
1719030119013
1719030119015
1719030119016
1719030119017
1719030119018
1719030119019
1719030119020
1719030120001
1719030120002
1719030120003
1719030120004
1719030120005
1719030120006
1719030120007
1719030120008
1719030120009
1719030120010
1719030120011
1719030120012
1719030120013
1719030120014
1719030120015
1719030120016
1719030120017
1719030120018
1719030120019
1719030120020
1719030120021
1719030120022
1719030120023
1719030120024
1719030120025
1719030120026
1719030120027
1719030120028
1719030120029
1719030120030
1719030120031
1719030120032
1719030120033
1719030120034
1719030120035
1719030120036
1719030216000
1719030216001
1719030216005
1719030216006
1719030216007
1719030216008
1719030216009
1719030216010
1719030216011
1719030216012
1719030216013
1719030216014
1719030216015
1719030216016
1719030216017
1719030216018
1719030216019
1719030216020
1719030216021
1719030216022
1719030216023
1719030216024
1719030216025
1719030216026
1719030216027
1719030216028
1719030216029
1719030216030
1719030216031
1719030216032
1719030216033
1719030216034
1719030216035
1719030216038
1719030216039
1719030216040
1719030216041
1719030216042
1719030216043
1719030216044
1719030216045
1719030216046
1719030216047
1719030216048
1719030216049
1719030216050
1719030216051
1719030216052
1719030216053
1719030216054
1719030216055
1719030216056
1719030216057
1719030216058
1719030216059
1719030216060
1719030216061
1719030216062
1719030216063
1719030216064
1719030216065
1719030216066
1719030216067
1719030216068
1719030217000
1719030217001
1719030217002
1719030217003
1719030217004
1719030217005
1719030217006
1719030217007
1719030217008
1719030217009
1719030217010
1719030217011
1719030217012
1719030217013
1719030217014
1719030217015
1719030217016
1719030217017
1719030217018
1719030217019
1719030217020
1719030217021
1719030217022
1719030217023
1719030217024
1719030217025
1719030217026
1719030217027
1719030217028
1719030217029
1719030219001
1719030219002
1719030219003
1719030219004
1719030219005
1719030219006
1719030219007
1719030219008
1719030219009
1719030219010
1719030219011
1719030219012
1719030219013
1719030219014
1719030219015
1719030219016
1719030219017
1719030219018
1719030219019
1719030219020
1719030219021
1719030219022
1719030219023
1719030219024
1719030219025
1719030219028
1719030219029
1719030219030
1719030219031
1719030219032
1719030219033
1719030219034
1719030219035
1719030219036
1719030219037
1719030219038
1719030219039
1719030219040
1719030219041
1719030219042
1719030219043
1719030219044
1719030219045
1719030219046
1719030219047
1719030219048
1719030219049
1719030219050
1722090118000
1722090215000
1722090215001
1722090215002
1722090215003
1722090215004
1722090215005
1722090215006
1722090215008
1722090215009
1722090217000
1722090217002
1722090217003
1722090217004
1728030217000
1728030217001
1728030217002
1728030217003
1728030217004
1728030217005
1728030217006
1728030217007
1728030217008
1728030217009
1728030217010
1728030217011
1728030217012
1728030217013
1728030217014
1728030217015
1728030217016
1728030217017
1728030217019
1728030217020
1728030217021
1728030217031
1728030217044
1728030217047
1728030217048
1728030217050
1728030217055
1728030217056
1728030217057
1728030217058
1728030217060
1728030217062
1728030217063
1728030217064
1728030217065
1728030217066
1728030217067
1728030217070
1728030217071
1728030217072
1728030217075
1728030217076
1728030217078
1728030217080
1728030217083
1728030217084
1731090118000
1731090215000
1731090215002
1731090215003
1731090215004
1731090215006
1731090215007
1731090215008
1731090217000
1731090217002
1731090217003
1752030115036
1752030115037
1752030115045
1752030115047
1752030115048
1752030115058
1752030115060
1752030115063
1752030115064
1752030115067
1752030115069
1752030115083
1752030117001
1752030117005
1752030117009
1752030117011
1752030117019
1752030117030
1752030118000
1752030118005
1752030119000
1752030119002
1752030119004
1752030119005
1752030119007
1752030119010
1752030119011
1752030120000
1752030120001
1752030120002
1752030120003
1752030120004
1752030120005
1752030120006
1752030120007
1752030120008
1752030120009
1752030120010
1752030120011
1752030216002
1752030216003
1752030217000
1761030118000
1761030118001
1761030215000
1761030215002
1761030215003
1761030215004
1761030215005
1761030215006
1761030215007
1761030215008
1761030215009
1761030215010
1761030215011
1761030215012
1761030215013
1761030215014
1761030215015
1761030215017
1761030215019
1761030217002
1761030217003
1761030217004
1761030217008
1761030217009
1761090215002
1761090215003
1761090215006
1761090217005
1769090115000
1769090115001
1769090115002
1769090115003
1769090115004
1769090115005
1769090115006
1769090115007
1769090115008
1769090115009
1769090115010
1769090115011
1769090115012
1769090115013
1769090115014
1769090115015
1769090115016
1769090115017
1769090115018
1769090115019
1769090115020
1769090115021
1769090115022
1769090115023
1769090115024
1769090115025
1769090115026
1769090115027
1769090115028
1769090115029
1769090115030
1769090115031
1769090115032
1769090115033
1769090115034
1769090115035
1769090115036
1769090115037
1769090115038
1769090115039
1769090117000
1769090117001
1769090117002
1769090117003
1769090117004
1769090117005
1769090117008
1769090117009
1769090117012
1769090117013
1769090117014
1769090117015
1769090117016
1769090117017
1769090117018
1769090117019
1769090117020
1769090117021
1769090117022
1769090117023
1769090118004
1769090118005
1769090118008
1769090118009
1769090118014
1769090118015
1769090118016
1769090118017
1769090118018
1769090118019
1769090118020
1769090118021
1769090118022
1769090118023
1769090118024
1769090118025
1769090119000
1769090119001
1769090119004
1769090119005
1769090119013
1769090119016
1769090119017
1769090119018
1769090119019
1769090216000
1769090216001
1769090216002
1769090216003
1769090217021
4000001116000
4000001116001
4000001116025
4000001116026
4000001116143
4000001116144
4000001156002
0