612
613
614
615
616
617
618
619
620
621
622
623
624
434
435
436
437
438
439
440
563
564
565
566
567
568
569
570
571
3562
203360123456
283350123456
283370123456
283390123456
283400123456
283420123456
642
643
644
645
646
647
648
7000
7001
7002
7003
7004
7005
7006
7007
7008
7009
7010
7011
7012
7013
7014
7015
7016
7017
7018
7019
7020
8701
8702
8703
8704
8705
8706
8707
8708
8709
625
626
627
628
629
630
631
632
633
634
635
636
637
841
842
843
844
845
846
8531
8532
8533
8534
8535
8536
8537
8538
8539
8540
8541
8542
8543
8544
8545
8546
8547
8548
8549
8550
8551
8552
8553
8554
8555
8556
8557
8558
8559
441
442
443
444
445
446
447
108
109
110
111
112
113
114
115
572
573
574
575
576
577
578
579
580
847
848
849
850
851
852
363
364
365
366
367
290350123456
290360123456
290370123456
290380123456
290390123456
290400123456
290410123456
290420123456
190
9013
754
760
767
774
781
837
838
839
840
204090123456
204100123456
204110123456
204120123456
204130123456
422
423
424
425
426
428
429
430
431
290260123456
290270123456
290280123456
290290123456
290300123456
290310123456
290320123456
290330123456
290340123456
417
418
419
420
421
427
8500
8501
8502
8503
8504
8505
8506
8507
8508
8509
8510
8511
8512
8513
8514
8515
8516
8517
8518
8519
8520
8521
8522
8523
8524
8525
8526
8527
8529
8530
100
101
102
103
104
105
106
107
124
125
126
127
128
129
130
131
853
854
855
672
678
684
690
697
704
711
717
723
729
753
759
766
773
780
735
741
359
360
361
362
448
449
450
451
452
453
454
822
409
410
411
412
825
2222222223
2222222227
2222222231
581
582
583
584
585
586
587
588
589
826
817
8299
8300
8301
8302
8303
8304
8305
8306
8307
8308
8309
8310
8311
8312
8313
8314
8315
8316
8317
8318
8319
8320
8321
8322
8323
8324
8325
8326
8327
8328
8329
3600
3602
330360123456
802
803
804
823
824
385
386
387
2038
2044
2050
799
800
801
213
224
234
243
253
297
311
325
339
348
354
638
639
640
641
388
389
390
391
392
393
394
395
396
397
398
399
400
413
414
416
827
828
829
830
831
832
188
811
812
115550123456
115570123456
115590123456
115610123456
115630123456
3520
2222222224
2222222228
2222222232
3871
3872
3873
3874
875
876
9048
9049
9050
9051
9052
9053
9054
9055
9056
9057
9058
9059
9060
9061
9062
9063
9064
9065
9066
9067
9068
9069
9070
9071
9072
9073
9074
9075
9076
9077
9078
9079
9080
9081
9082
9083
9084
9085
860
861
862
863
373
374
375
379
380
691
698
705
9002
381
383
384
795
796
797
798
808
809
810
282010123456
187
368
369
370
371
372
2039
2045
2051
813
814
815
816
864
865
866
867
599
600
601
602
603
604
605
606
607
608
609
610
611
5011
5012
5013
5014
5015
5016
5017
5018
5019
5020
5021
2222222225
2222222229
2222222233
132
133
134
135
136
137
138
186
8561
8562
8563
8564
8565
8566
8567
8568
8569
8590
8591
8592
8593
8594
8595
8596
8597
8598
8599
8600
8601
8602
8603
8604
8605
8606
8607
8608
8609
8610
872
873
874
8715
8721
8727
8733
8739
8745
8751
8757
8763
283030123456
283040123456
805
806
807
282270123456
282280123456
282300123456
282310123456
282320123456
189
212
215
223
226
233
236
242
245
252
255
274
296
299
310
313
324
327
338
341
347
350
353
356
8999
9018
9019
9020
9021
9022
9023
9024
9025
9026
9027
9028
9029
9030
9031
9032
9033
9034
9035
9036
9037
9038
9039
9040
9041
9042
9043
9044
9045
9046
9047
105440123456
105460123456
105480123456
105500123456
105520123456
281850123456
281870123456
281900123456
282050123456
282170123456
282370123456
282390123456
301700123456
301710123456
301720123456
301730123456
301750123456
301760123456
301770123456
301780123456
182
183
184
590
591
592
593
594
595
596
597
598
3867
3868
3869
3870
868
869
870
871
455
456
457
458
459
460
461
283090123456
283100123456
9001
12008
12009
12010
12011
12014
12015
12016
3745
282410123456
282500123456
282510123456
116
117
118
119
120
121
122
123
1138
1139
1140
1141
1785
1786
5000
5001
5002
5003
5004
5005
5006
5007
5008
5009
5010
1713090215002
1713090217000
3603
3605
322220123456
536
537
538
539
540
541
542
543
544
545
546
547
548
549
550
551
552
553
554
555
556
557
558
559
560
561
562
8001
8002
8003
8004
8005
8006
8007
8008
8009
8010
8011
8012
8013
8014
8015
8016
8017
8018
8019
8020
8021
8022
8023
8024
8025
8026
8027
8028
8029
8030
8031
1086
1087
1088
1089
1783
1784
3526
283130123456
283150123456
283160123456
283170123456
283180123456
856
857
858
859
5345
501370123456
1114086120037
1114086120038
1114086120039
1114086120040
469
470
471
472
473
475
476
9003
9004
113150123456
113180123456
113190123456
282420123456
282450123456
282460123456
282480123456
1315
1320
1325
1330
1335
1340
1345
3203
3206
113470123456
115660123456
8671
8672
8673
8674
8675
8676
8677
8678
8679
8680
8681
8682
8683
8684
8685
8686
8687
8688
8689
8690
8691
8692
8693
8694
8695
8696
8697
8698
8699
8700
1310
667
673
679
685
692
699
706
712
718
724
736
1300
1305
228
247
257
276
290
301
315
329
343
352
358
3204
3205
112990123456
113000123456
113050123456
115370123456
1714086119002
1714086219001
1714086219002
1714086219004
1714086219005
1714086219006
1714086219008
1714086219010
1714086219011
748
761
768
775
9015
155
156
157
158
159
160
161
162
12001
12002
12003
12006
3572
3573
3574
152770123456
152780123456
152960123456
152970123456
132400123456
3738
3740
113010123456
113040123456
9465
9466
9467
9468
9469
9014
668
674
680
686
693
700
707
713
719
725
737
1301
1306
1311
8094
8095
8096
8097
8098
8099
8100
8101
8102
8103
8104
8105
8106
8107
8108
8109
8110
8111
8112
8113
8114
8115
8116
8117
8118
8119
8200
8201
8202
8203
8204
3575
301790123456
301800123456
301820123456
301830123456
301840123456
301850123456
301860123456
301870123456
1114086120041
1114086120042
1114086120043
1114086120044
1316
1321
1326
1331
1336
1341
1346
749
755
762
769
776
208
210
238
240
248
250
291
294
305
308
319
322
333
336
1070
1071
1072
1073
1074
1075
1076
1077
1078
1079
1080
1081
1082
1083
1084
1085
1122
1123
1124
1125
1126
1127
1128
1129
1130
1131
1132
1133
1134
1135
1136
1137
1174
1175
1176
1177
1791
1792
13000
13001
13002
13003
13004
13005
13006
132690123456
132700123456
3714
3715
3716
477
478
479
480
481
483
484
1113092120000
1113092120002
1113092120003
1113092120004
9016
115670123456
115680123456
115690123456
115700123456
115710123456
115720123456
115730123456
115750123456
115790123456
115810123456
115830123456
115850123456
501420123456
501510123456
501530123456
1710030215013
1710030215014
1710030217000
8710
8716
8722
8728
8734
8740
8746
8752
8758
1781
1782
1066
1067
1068
1069
12
13
14
15
16
17
18
19
20
21
22
214
225
235
244
254
273
298
312
326
340
349
355
493
494
495
496
497
498
499
500
501
502
503
504
505
506
507
508
510
511
512
513
514
515
516
517
518
519
520
521
522
523
524
525
526
527
528
529
530
531
532
533
534
535
100009
115420123456
115440123456
115490123456
115500123456
115530123456
303
317
331
345
216
218
227
237
246
256
275
292
300
306
314
320
328
334
342
351
357
1090
1091
1092
1093
1094
1095
1096
1097
1098
1099
1100
1101
1102
1103
1104
1105
1142
1143
1144
1145
1147
1148
1150
1151
1152
1153
1154
1155
1156
1157
3863
3864
8611
8612
8613
8614
8615
8616
8617
8618
8619
8620
8621
8622
8623
8624
8625
8626
8627
8628
8629
8630
8631
8632
8633
8634
8635
8636
8637
8638
8639
1194
1195
1196
1197
1787
1788
3076
3080
3083
11621012356
116220123456
116230123456
116240123456
3166
3167
3171
104620123456
104650123456
105680123456
9990002452882
486
487
488
489
491
492
3172
3173
134930123456
134940123456
134950123456
134960123456
134970123456
134980123456
134990123456
135000123456
1729
1730
1731
9990002452897
9990002452898
9990002452899
132880123456
132890123456
134800123456
134810123456
134820123456
501560123456
139
140
141
142
143
144
145
146
8267
8268
8269
8270
8271
8272
8273
8274
8275
8276
8277
8278
8279
8280
8281
8282
8283
8284
8285
8286
8287
8288
8289
8290
8291
8292
8293
8294
8295
8296
8297
8729
8735
750
756
763
770
777
669
675
681
687
694
701
708
714
720
726
738
1234
1235
1236
1237
1302
1307
1322
1327
1332
1337
1342
1347
1709
1710
1711
1789
1790
8641
8642
8643
8644
8645
8646
8647
8648
8649
8650
8651
8652
8653
8654
8655
8656
8657
8658
8659
8660
8661
8662
8663
8664
8665
8666
8667
8668
8669
8670
8711
8717
8723
8741
8747
8753
8759
147
148
149
150
151
152
153
154
104130123456
9000
9990002452933
9990002452934
9990002452935
1110092220001
1110092220004
1110092220005
1110092220024
1110092220025
1110092220026
1110092220027
1110092220029
1110092220030
1110092220031
13007
13008
13009
13010
13011
13012
13013
1110092120001
1110092120002
1110092120003
1110092120004
1110092120005
1110092120006
1110092120007
1110092120008
1110092120013
1110092120014
78
79
80
81
82
83
84
85
86
87
88
9460
9461
9462
9463
9464
9990002452918
9990002452919
9990002452920
9990002452921
9990002452922
9990002452923
9990002452924
9990002452925
9990002452926
9990002452927
9990002452928
9990002452929
9990002452930
9990002452931
9990002452932
3091
3092
3094
3095
1113092120005
1113092120006
1113092120007
1113092120008
1114086119045
1114086119054
818
3042
3043
3044
3068
3072
104370123456
104380123456
105670123456
322030123456
322040123456
322050123456
322060123456
1133030118052
1050
1051
1052
1053
1054
1055
1056
1057
1058
1059
1060
1061
1062
1063
1064
1065
1158
1159
1160
1161
1162
1163
1164
1165
1166
1167
1168
1169
1170
1171
1172
1173
2222222222
2222222226
2222222230
124550123456
124560123456
9990002452883
9990002452884
9990002452885
9990002452886
9990002452887
9990002452888
9990002452889
9990002452890
9990002452891
9990002452892
9990002452893
9990002452894
9990002452895
9990002452896
819
3096
3097
3098
3099
501520123456
501540123456
751
757
764
771
778
9017
670
676
682
688
695
702
709
715
721
727
739
1354
1355
1356
1358
1360
1361
1365
1369
1370
1371
820
821
3825
3826
3827
105750123456
105790123456
105810123456
105830123456
105850123456
172600123456
23
24
25
26
27
28
29
30
31
32
33
9005
1214
1215
1216
1217
1793
1794
3071
3075
3079
3865
3866
105320123456
105340123456
105380123456
105400123456
105420123456
209
239
249
293
307
321
335
1178
1179
1180
1181
1182
1183
1184
1185
1186
1187
1188
1189
1190
1191
1192
1193
1114086119056
1114086119060
1111111111111
1222222222222
9990002452864
3077
3081
106350123456
106360123456
106370123456
106380123456
125090123456
752
758
765
772
779
2034
2040
2046
9007
9009
9011
8712
8718
8724
8730
8736
8742
8748
8754
8760
1106
1107
1108
1109
1110
1111
1112
1113
1114
1115
1116
1117
1118
1119
1120
1121
105930123456
105960123456
105970123456
105990123456
106010123456
106030123456
106050123456
106070123456
124800123456
125020123456
1308
1313
1318
1323
1328
1333
1338
1343
1348
5555555
5555556
5555557
5555558
671
677
683
689
696
703
710
716
722
728
740
1278
1279
1280
1281
1282
1283
1284
1795
1796
1303
9510
9514
9515
3078
3082
1720
1721
1722
9990002452879
9990002452880
9990002452881
3225
3226
3227
3228
3229
3230
3231
3232
3233
3234
3235
3236
3237
211
241
251
295
302
309
316
323
330
337
344
1219
1220
1221
1222
1223
1224
1225
1226
1227
1228
1229
1230
1231
1232
1233
1238
1239
1240
1241
1242
1243
1244
1245
1246
1261
9990002452915
9990002452916
9990002452917
3016
3017
3018
3019
3020
3021
3022
3023
3024
3025
3026
3700
3701
3702
3703
3704
3705
1110092120012
1110092219030
1110092219031
1110092219034
τεστ
67
68
69
70
71
72
73
74
75
76
77
89
90
91
92
93
94
95
96
97
98
99
9516
9517
9518
9519
9520
9521
9522
9523
9524
9525
9526
9990002452900
9990002452901
9990002452902
9990002452903
9990002452904
9990002452905
9990002452906
9990002452907
9990002452908
9990002452909
9990002452910
9990002452911
9990002452912
9990002452913
9990002452914
8063
8064
8065
8066
8067
8068
8069
8070
8071
8072
8073
8074
8075
8076
8077
8078
8079
8080
8081
8082
8083
8084
8085
8086
8087
8088
8089
8090
8091
8092
8093
3002
3003
3004
3005
3006
3007
3008
1285
1286
1287
1514
1515
1516
1517
105570123456
105580123456
304
318
332
346
1250
1252
1253
1255
1256
1257
1258
1259
1260
8713
8719
8725
8731
8737
8743
8749
8755
8761
9006
9990002452865
9990002452866
9990002452867
9990002452868
9990002452869
9990002452870
9990002452871
9990002452872
9990002452873
9990002452874
9990002452875
9990002452876
9990002452877
9990002452878
1732
1733
1734
90260123456
90270123456
172720123456
172730123456
172740123456
172760123456
172770123456
172780123456
172800123456
173080123456
173100123456
173110123456
173120123456
173130123456
173140123456
173150123456
322070123456
322080123456
322090123456
322100123456
2035
2041
2047
9008
9010
9012
3818
105600123456
1198
1199
1200
1201
1202
1203
1204
1205
1206
1207
1208
1209
1210
1211
1212
1213
1110092119043
1110092120009
1110092120010
1110092120011
1110092219018
1110092219019
1110092219032
1110092219033
1110092220009
1110092220010
1110092220011
1110092220012
1110092220013
1110092220032
1110092220033
1110092220034
1110092220035
1110092220037
1110092220038
1110092220039
1110092220054
1110092220055
1110092220056
1110092220057
1110092220058
1110092220059
1112030219001
1112030219002
1112092220001
1112092220002
1112092220003
1112092220005
1112092220006
1112092220016
1112092220018
1112092220020
3100
3101
3102
3103
3104
3105
163510123456
56
57
58
59
60
61
62
63
64
65
66
1735
1736
1737
8205
8206
8207
8208
8209
8210
8211
8212
8213
8214
8215
8216
8217
8218
8219
8220
8221
8222
8223
8224
8225
8226
8227
8228
8229
8230
8231
8232
8233
8234
8235
321990123456
322000123456
104290123456
104330123456
104390123456
105270123456
1333333333333
8714
8720
8726
8732
8738
8744
8750
8756
8762
13022
1111086219003
1262
1263
1264
1265
1266
1267
1268
1269
1270
1271
1272
1273
1274
1275
1276
1277
197
199
201
203
206
3069
3073
145150123456
145160123456
1769090115034
1769090117014
1769090117022
8032
8033
8034
8035
8036
8037
8038
8039
8040
8041
8042
8043
8044
8045
8046
8047
8048
8049
8050
8051
8052
8053
8054
8055
8056
8057
8058
8059
8060
8061
8062
700022
1110092220017
1110092220020
1110092220021
1110092220040
1110092220041
1110092220042
1110092220043
1110092220045
1110092220046
1110092220047
3219
3220
3221
3209
3210
3211
3213
3215
3217
3218
9511
9513
145050123456
34
35
36
37
38
39
40
41
42
43
44
1723
1724
1725
1111086219027
1111086219028
1111086219029
1111086219030
1111086219031
1111086219032
3200
3800
3070
3074
3822
164020123456
164120123456
164130123456
164140123456
164150123456
164160123456
164170123456
164190123456
164490123456
164500123456
164510123456
3045
3046
3047
1288
1289
1290
8236
8237
8238
8239
8240
8241
8242
8243
8244
8245
8246
8247
8248
8249
8250
8251
8252
8253
8254
8255
8256
8257
8258
8259
8260
8261
8262
8263
8264
8265
8266
3223
143200123456
1738
1739
1740
60060123456
60130123456
60140123456
321950123456
321980123456
1113086216012
2036
2042
2048
45
46
47
48
49
50
51
52
53
54
55
163720123456
163930123456
205
198
202
1291
1292
1293
9527
9528
9529
9530
9531
9532
9533
9534
9535
9536
3224
3202
104560123456
110009
110010
1113090219016
1113090219018
200
204
207
1312
110006
110007
110008
1113086216003
3052
3055
3056
3059
3060
3063
3064
3067
3027
3028
3029
3030
3031
3032
3033
3034
3035
3036
3037
1110030119003
1110030119004
1110030119005
1110030119006
1110030119007
1110030119012
1110030119020
1110030119022
1110030119026
1110030120000
1112030119004
1112030120000
3009
3010
3011
3012
3013
3014
3015
1769090117015
1769090117021
1769090117023
105620123456
105630123456
105640123456
3820
163890123456
3515
3516
3517
1179091119000
1179091119001
3053
3057
3061
3065
3054
3058
3062
3066
1179091119002
1179091119003
1179091119008
110004
110005
1111086218037
1111086219054
1111086219055
1111086219056
1111086219057
110001
110002
110003
1169090218018
1169090218019
2055
1169090218028
1169090218029
1169090219006
1169090219007
2054
2052
2053
1169090219013
1
2
3
4
5
6
7
8
9
10
11
219
220
221
222
229
230
231
232
401
402
787
788
789
790
791
792
793
794
833
834
835
836
921
1001
1002
1003
1004
1005
1006
1007
1008
1009
1010
1011
1012
1013
1014
1015
1016
1304
1309
1314
1317
1319
1324
1329
1334
1339
1344
1349
1500
1501
1502
1503
1504
1505
1506
1507
1508
1509
1510
1511
1512
1513
1700
1701
1702
1750
1751
1752
1753
1754
1755
1756
1757
1758
1759
1761
1762
1764
1765
1767
1768
1770
1771
1773
1774
1776
1777
1779
1780
1797
1798
1799
1800
1801
1802
1803
1804
1805
1806
1807
1808
1810
1811
1812
1813
1814
1815
1816
1817
1818
1819
1820
1821
1822
1823
1824
1825
1826
1827
1828
1829
1830
1831
1832
1833
1834
1835
1836
1837
1838
1839
1840
1841
1842
1843
1844
1845
1846
1847
2037
2043
2049
3606
3607
3608
3609
3610
3611
24015
190014
190016
8628358
200000000
200000001
200000002
200000003
200000004
200000005
200000006
283190123456
283200123456
283210123456
283380123456
1110092118032
1110092118033
1110092119000
1110092119002
1110092119003
1110092119004
1110092119005
1110092119009
1110092119010
1110092119012
1110092119013
1110092119014
1110092119015
1110092119016
1110092119019
1110092119057
1110092119058
1110092119059
1110092119061
1110092119062
1110092120000
1110092120029
1110092120030
1110092120039
1110092219001
1110092219002
1110092219003
1110092219004
1110092219036
1110092219037
1110092219038
1110092219039
1111086218038
1111086219008
1111086219009
1111086219012
1111086219014
1111086219022
1111086219026
1111086219034
1111086219035
1111086219036
1111086219037
1111086219038
1111086219039
1111086220012
1111086220013
1111086220014
1111086220016
1111086220017
1111086220018
1111086220019
1111086220020
1111086220021
1111086220022
1111086220023
1111086220024
1111086220025
1112030219025
1112030219026
1112092120000
1112092120003
1112092219026
1112092219029
1112092219030
1112092219031
1113034119000
1113034119004
1113034119005
1113034119006
1113034119007
1113034119009
1113034119010
1113086118000
1113086118001
1113086118002
1113086118003
1113086118004
1113086118005
1113086118007
1113086118008
1113086118009
1113086118011
1113086218006
1113086218007
1113086219005
1113086220000
1113086220001
1113086220002
1113086220003
1113086220004
1113086220005
1113086220006
1113086220007
1113086220008
1113086220009
1113086220010
1113086220011
1113086220012
1113086220013
1113090219001
1113090219003
1113090219004
1113092219000
1113092219001
1113092219002
1113092219003
1113351120000
1113351120001
1113351120002
1113351120003
1113351120005
1114030120000
1114030120001
1114030120002
1114030120006
1114030120007
1114030120008
1114030120009
1114086119035
1114086119037
1114086119041
1114086119050
1114086119053
1114086119055
1114086219001
1114086219006
1114086219007
1114086219008
1114086219009
1114086219010
1114086219011
1114086219012
1114086219014
1114086219015
1114086219018
1114086219019
1114086219020
1114086219021
1115030116000
1115030116001
1115030116003
1115086110000
1115086213000
1115086213002
1116086217000
1116086217001
1116086217002
1116086217004
1116086217005
1116086217006
1116086217008
1116086220007
1116086220008
1116086220009
1116086220010
1116086220011
1116086220012
1116086220013
1117092119000
1117092119002
1117092119003
1117092119004
1117092119005
1117092119009
1117092120001
1117092120002
1117092219002
1117092219003
1118086212001
1119086119003
1119086119004
1119086119011
1119086119012
1122030219016
1122090118031
1122090118032
1122090120000
1122090120001
1122090120002
1122090120003
1122090120004
1122090120005
1122090120006
1122090120007
1122090120008
1122090120009
1122090120010
1122090120011
1122090214006
1122090214007
1122090214008
1122090214009
1122090214010
1122090217008
1122090217009
1122090217010
1122090219032
1122090219033
1122090219034
1122090219036
1122090219037
1122090220000
1122090220001
1122090220002
1122090220003
1122090220004
1122090220005
1122090220006
1122090220007
1122092118000
1122092219000
1122092219044
1122092219045
1122092219046
1127091216002
1127091216005
1127091218004
1127091218007
1127091218012
1127091218013
1127091218014
1127091218016
1127091218019
1127091218020
1127091218030
1127091218031
1127091218034
1128030218001
1128086119001
1128086120000
1128086120001
1128086120002
1128086120003
1128086120004
1128086120005
1130030119013
1130030119015
1130030119016
1130090119000
1130090119001
1131090114003
1131090114004
1131090117000
1131090117001
1131090117002
1131090117003
1131090117004
1131090117005
1131090117006
1131090212000
1131090212001
1131090212002
1131090212003
1131090212004
1131090212005
1131090212006
1131090212007
1131090212008
1131090212009
1131090212010
1131090212011
1131090212012
1131090212013
1131090212014
1131090212015
1131090212016
1131090212017
1131090212021
1131090212022
1131090212023
1131090212024
1131090212027
1131090214001
1131090214002
1131090214004
1131090214005
1131090214006
1131090214007
1131090214009
1131090214010
1131090215000
1131090215001
1131090215002
1131090215003
1131090215004
1131090215005
1131090217000
1131090217001
1131090217002
1131090217003
1131090217004
1131090217005
1131090217006
1131090217007
1131092110007
1131092110008
1131092110015
1131092110017
1131092110025
1131092110026
1131092115002
1131092115004
1131092116001
1131092116010
1131092118001
1131092118002
1131092119001
1131092119003
1131092119004
1131092216006
1131092216008
1131092219005
1131092219006
1133030120000
1133030120001
1133030120002
1133030120003
1133030120009
1133030120010
1133030120011
1133030120012
1133030120018
1133030120019
1133030120020
1133030120021
1133030120027
1133030120028
1133030120029
1133030120030
1133030120036
1133030120037
1133030120040
1133030120042
1133030120044
1133030120046
1133030120048
1133030120049
1133030120052
1133030120054
1133030120055
1133030120057
1133030120058
1133086217000
1133086217001
1133086217002
1133086217004
1133086217005
1133086217006
1133086217008
1133086217009
1133086217010
1133086217011
1133086217016
1133086217017
1133086217018
1133086217021
1133086217022
1133086217024
1133086217025
1133086217026
1133086217027
1133086217028
1133086217029
1133086217030
1133086217032
1133086217033
1133086217034
1133086220000
1133086220001
1133086220002
1133086220003
1133086220005
1133086220006
1137086117006
1137086117008
1139091118081
1139091118084
1139091118085
1139091118086
1139091118087
1139091118088
1139091118089
1139091118090
1139091118091
1139091118092
1139091118093
1139091118094
1139091118095
1139091118097
1139091118098
1139091118099
1139091118100
1139091118101
1139091118102
1139091118104
1139091118105
1139091118106
1139091118107
1139091118108
1139091118109
1139091118110
1139091118111
1139091118112
1161092118000
1161092118001
1161092118002
1161092219000
1164086111001
1164086215004
1164086215007
1164086215008
1710030118000
1710030215003
1710030215006
1710030215007
1710030215008
1710030215011
1710030215015
1710030216000
1710030216001
1710030217004
1710092119000
1710092119001
1710092119002
1710092119003
1710092119004
1710092119005
1710092119007
1710092119008
1710092119009
1710092119010
1713090215000
1713090215004
1713090215005
1713090215006
1713090215008
1713090217001
1713090217002
1713090217003
1713090217004
1714030117001
1714030119003
1714030119004
1714030119005
1714030120000
1714030120002
1714030120004
1714030120005
1714030120006
1719030116000
1719030116020
1719030116021
1719030116026
1719030120001
1719030120002
1719030120003
1719030120004
1719030120005
1719030120008
1719030120009
1719030120011
1719030120012
1719030120014
1719030120015
1719030120017
1719030120018
1719030120020
1719030120021
1719030120023
1719030120024
1719030120033
1719030120035
1719030120036
1719030219048
1719030219049
1719030219050
1722090118000
1722090215000
1722090215001
1722090215004
1722090215006
1722090215008
1722090217002
1722090217003
1722090217004
1731090118000
1731090215000
1731090215008
1731090217002
1731090217003
1769090115000
1769090115001
1769090115003
1769090115004
1769090115005
1769090115006
1769090115007
1769090115010
1769090115014
1769090115015
1769090115016
1769090115017
1769090115019
1769090115020
1769090115021
1769090115022
1769090115024
1769090115025
1769090115028
1769090115029
1769090115036
1769090115038
1769090117012
1769090216000
1769090216001
1769090216002
1769090216003
0
1.55
1.55
1.55
1.55
1.55
1.55
1.55
1.55
1.55
1.55
1.55
1.55
1.55
1.95
1.95
1.95
1.95
1.95
1.95
1.95
2
2
2
2
2
2
2
2
2
3.3
3.3
3.3
3.3
3.3
3.3
3.3
4.5
4.5
4.5
4.5
4.5
4.5
4.5
4.9
4.9
4.9
4.9
4.9
4.9
4.9
4.9
4.9
4.9
4.9
4.9
4.9
4.9
4.9
4.9
4.9
4.9
4.9
4.9
4.9
4.9
4.9
4.9
4.9
4.9
4.9
4.9
4.9
4.9
5.25
5.25
5.25
5.25
5.25
5.25
5.25
5.25
5.25
5.25
5.25
5.25
5.25
6.5
6.5
6.5
6.5
6.5
6.5
5.9
5.9
5.9
5.9
5.9
5.9
5.9
5.9
5.9
5.9
5.9
5.9
5.9
5.9
5.9
5.9
5.9
5.9
5.9
5.9
5.9
5.9
5.9
5.9
5.9
5.9
5.9
5.9
5.9
6.2
6.2
6.2
6.2
6.2
6.2
6.2
6.5
6.5
6.5
6.5
6.5
6.5
6.5
6.5
6.5
6.5
6.5
6.5
6.5
6.5
6.5
6.5
6.5
7.44
7.44
7.44
7.44
7.44
7.44
7.01
7.01
7.01
7.01
7.01
8
8
8
8
8
8
8
8
8.7
8.8
8.9
8.9
8.9
8.9
8.9
9.17
9.17
9.17
9.17
9
9
9
9
9
9.9
9.9
9.9
9.9
9.9
9.9
9.9
9.9
9.9
10
10
10
10
10
10
10
10
10
13.5
13.5
13.5
13.5
13.5
13.5
10.9
10.9
10.9
10.9
10.9
10.9
10.9
10.9
10.9
10.9
10.9
10.9
10.9
10.9
10.9
10.9
10.9
10.9
10.9
10.9
10.9
10.9
10.9
10.9
10.9
10.9
10.9
10.9
10.9
10.9
11.5
11.5
11.5
11.5
11.5
11.5
11.5
11.5
11.5
11.5
11.5
11.5
11.5
11.5
11.5
11.5
12.9
12.9
12.9
11.8
11.8
11.8
11.8
11.8
11.8
11.8
11.8
11.8
11.8
11.9
11.9
11.9
11.9
11.9
11.8
11.8
12.4
12.4
12.4
12.4
12.4
12.4
12.4
12.4
12.4
12.4
12.4
13.89
12.6
12.6
12.6
12.6
14.14
13.1
13.1
13.1
13.1
13.1
13.1
13.1
13.1
13.1
13.1
13.1
13.1
15.55
15.12
13.7
13.7
13.7
13.7
13.7
13.7
13.7
13.7
13.7
13.7
13.7
13.7
13.7
13.7
13.7
13.7
13.7
13.7
13.7
13.7
13.7
13.7
13.7
13.7
13.7
13.7
13.7
13.7
13.7
13.7
13.7
13
13
13
15.37
15.37
15.37
15.38
15.38
13.9
13.9
13.9
14.3
14.3
14.3
15.87
15.87
15.87
14.5
14.5
14.5
14.5
14.5
14.5
14.5
14.5
14.5
14.5
14.5
16.4
16.4
16.4
16.4
14.5
14.5
14.5
14.5
14.5
14.5
14.5
14.5
14.5
14.5
14.5
14.5
14.5
14.9
14.9
14.9
16.62
16.62
16.62
16.62
16.62
16.62
15.1
17.36
17.36
15.5
15.5
15.5
15.5
15.5
16.6
16.6
16.6
16.6
17.8
17.8
17.8
17.8
19.3
19.3
17.5
17.5
17.5
17.5
17.5
17.5
17.5
17.5
17.5
17.5
17.5
17.5
17.5
17.5
17.5
17.5
17.5
17.5
17.5
17.5
17.5
17.5
17.5
17.5
17.5
17.5
17.5
17.5
17.5
17.5
17.5
17.5
17.5
17.5
17.5
17.5
17.5
17.5
19.59
19.59
19.59
19.59
17.8
17.8
17.8
17.8
17.8
17.8
17.8
17.8
18
18.2
18.2
18.2
20.59
20.59
20.59
20.59
20.58
20.58
20.58
19.9
18.8
18.8
18.8
18.8
18.8
18.8
18.9
18.9
18.9
21.33
21.33
21.33
21.33
22.07
22.07
22.07
22.07
20
20
20
20
20
20
20
20
20
20
20
20
20
20
20
20
20
20
20
20
20
20
20
20
20
20
20
20.2
20.2
20.2
20.2
20.2
20.2
20.2
20.3
21
21
21
21
21
21
21
21
21
21
21
21
21
21
21
21
21
21
21
21
21
21
21
21
21
21
21
21
21
21
24.3
24.3
24.3
22
22
22
22
22
22
22
22
22
21
21
25
25
25
24
24
24
24
24
22.7
23
23
23
23
23
23
23
23
23
23
23
23
23
23
23
23
23
23
23
23
23
23
23
23.2
23.2
23.2
23.2
23.2
23.2
23.2
23.2
23.2
23.2
23.2
23.2
23.2
23.2
23.2
23.2
23.2
23.2
23.2
23.2
23.2
23.2
23.2
23.2
23.2
23.2
23.2
23.2
23.2
23.2
23.2
22
22
22
22
22
22
22
22
22
22
22
22
22.5
22.5
22.5
22.5
22.5
22.5
22.5
22.5
23.9
23.9
23.9
24
24
24
24
24
24
24
24
24
25.8
25.8
25.8
25.8
27
27
27
27
24.5
24.5
24.5
24.5
24.5
24.5
24.5
30
30
25
26.6
26.6
26.6
26.6
26.6
26.6
26.6
27
31
31
31
26
26
26
26
26
26
26
26
27
27
27
27
26
26
26
26
26
26
26
26
26
26
26
26
26
32
32
25
25
25
35
35
35
35
35
35
35
35
35
35
35
35
35
35
35
35
35
35
35
35
35
35
35
35
35
35
35
26.8
26.8
26.8
26.8
26.8
26.8
26.8
26.8
26.8
26.8
26.8
26.8
26.8
26.8
26.8
26.8
26.8
26.8
26.8
26.8
26.8
26.8
26.8
26.8
26.8
26.8
26.8
26.8
26.8
26.8
26.8
27
27
27
27
27
27
33
33
33
33
33
33
30.5
30.5
30.5
30.5
26
26
39
39
39
39
27.9
27.9
27.9
27.9
27.9
27.9
27.9
28
28
34
34
34
27
27
27
27
29.4
29.4
29.4
29.4
29.4
29.4
29.4
35
35
35
35
29
29
29
29
29
29
29
29
29
29
29
29
29
29
29
29
29
29
29
29
29
29
29
29
29
29
29
29
29
29
29.4
29.4
29.4
29.4
29.4
29.4
29.4
29.4
29.4
29.4
29.4
29.4
29.4
29.4
29.5
29.5
29.5
29.5
29.5
29.5
29.5
29.5
29.5
29.5
29.5
36
36
28
28
28
28
28
28
28
28
28
28
28
28
28
29.8
29.8
29.8
29.8
29.6
30.4
30.4
30.4
30.4
30.4
30.4
30.4
30.4
32.5
32.5
32.5
32.5
29
29
29
29
29
29
29
38
34
34
34
28
32.8
32.8
32.8
32.8
32.8
34
34.4
34.4
34.4
34.4
34.4
34.4
34.4
34.4
34.4
34.4
34.4
34.4
34.4
34.4
34.4
34.4
34.4
34.4
34.4
34.4
34.4
34.4
34.4
34.4
34.4
34.4
34.4
34.4
34.4
34.4
34.4
34.4
34.4
34.4
34.4
34.4
34.4
34.4
34.4
34.4
34.4
34.4
34.4
34.4
34.4
32.5
32.5
32.5
32.5
32.5
32.5
32.5
32.5
32.5
49
49
49
49
44
34.4
34.4
34.4
34.4
34.4
34.4
34.8
34.8
34.8
34.8
34.8
35
35
35
35
35
35
35
35
35
35
35
35
35
35
35
35
35
35
35
35
35
35
35
35
35
35
35
35
35
35
35
35
35
35
35
35
35
35
35
35
35
35
35
35
35
35
35
35
35
35
35
35
37.5
37.5
37.5
37.5
37.5
37.5
37.5
34
34
38.4
38.4
38.4
36.4
36.4
36.4
36.4
36.4
36.4
36.4
39
39
39
39
37
35
35
35
35
35
35
35
35
35
35
35
35
35
35
35
45
45
45
37.4
37.4
37.4
37.4
37.4
37.4
37.4
37.4
37.4
37.7
37.7
37.7
37.7
37.7
37.7
38
38
38
38
38
38
38
38
38
38
38
38
38
38
38
38
38
38
38
38
38
38
38
38
38
38
38
38
38
38
38
38
38
38
38
38
38
38
38
38
38
38
38
38
38
38
38
38
38
38
38
38
38
38
38
38
38
38
38
38
38
38
38
38
38
36
36
36
36
36
36
39
39
39
39
39
39
39
39
39
39
39
39
39
39
39
39
39
39
39
39
39
39
39
39
39
39
39
39
39
39
39
39
39
39
39
39
39
39
39
39
39
39
39
39
39
39
39
39
39
39
39
41.5
41.5
39.8
39.8
39.8
39.8
39.8
39.8
39.8
39.8
39.8
39.8
39.8
39.8
39.8
39.8
39.8
39.8
39.8
39.8
39.8
39.8
39.8
39.8
39.8
39.8
39.8
39.8
39.8
39.8
39.8
39.9
39.9
39.9
39.9
39.9
39.9
39.9
39.9
39.9
38
38
38
38
49
49
49
49
49
49
49
40.6
40.6
40.6
40.6
40.6
40.6
50
50
39
39
39
39
39
39
39
39
42
42
42
42
42
42
40
40
40
40
40
40
42.2
42.2
42.2
42.2
42.2
42.2
42.2
42.2
43.3
43.3
43.3
43.3
43.3
43.3
43.3
43.3
43.3
43.3
43.3
43.3
43.3
43.3
43.3
43.3
43.3
43.3
43.3
43.3
43.3
43.3
43.3
43.3
43.3
43.3
43.3
43.3
43.3
43.3
43.3
44
44
43.9
43.9
43.9
43.9
43.9
44
44
44
44
44
44
44
44
44
44
44
44
44
44
44
44
44
44
44
44
44
44
44
44
44
44
44
44
44
44
44
44
44
44
44
44
44
44
44
44
44
44
44
44
44
44
44
44
44
44
44
44
44
44
44
44
44
44
44
44
44
44
44
44
44
44.4
44.4
44.4
44.4
44.4
44.4
44.4
44.4
54
45
45
45
45
43
43
43
43
43
43
43
43
43
43
48.5
48.5
48.5
48.5
48.5
48.5
48.5
65
65
65
65
65
65
65
65
65
65
46
46
46
46
46
46
46
46
46
46
46
46
46
46
46
46
46
46
46
46
46
46
46
46
46
46
46
46
46
46
46
49
49
49
49
49
49
49
49
49
49
52.33
47.3
47.3
47.3
47.5
47.5
45
45
45
45
45
45
45
45
48
48
48
48
48
48
48
48
48
48
48
48
48
48
48
48
48
48
48
48
48
48
48
48
48
48
48
48
48
48
48
48
48
48
48
45.5
45.5
49
49
49
49
49
49
49
49
49
49
49
49
49
49
54.56
49.6
49.6
49.6
49.6
47
47
49.8
49.8
49.8
49.8
49.8
50
51
51
51
51
51
51
51
51
51
51
51
51
51
51
51
51
51
51
51
51
51
57.04
57.04
67
67
67
49
49
49
49
49
63
52
52
52
52
52
52
52
52
52
52
52
52
52.6
52.6
52.6
52.6
52.6
52.6
52.6
52.6
52.6
56
56
50
50
50
50
50
54.5
54.5
54.5
54.5
54.5
54.5
54.5
54.5
54.5
54.5
54.5
54.5
54.5
54.5
54.5
54.5
54.5
54.5
54.5
54.5
54.5
54.5
54.5
59
59
55.7
55.7
66
55.9
55.9
53
53
53
53
53
56.4
56.4
56.4
56.4
56.4
56.5
56.5
56.5
56.5
56.5
56.5
56.9
56.9
56.9
56.9
56.9
56.9
56.9
56.9
56.9
57
57
57
57
57
57
57
57
57
57
57
57
57
57
57
57
54
54
54
54
54
54
54
54
54
54
57.7
57
57
57
57.7
57
57
57
57
57.7
57.7
57.7
57.7
57.7
57.7
57.7
57.7
57.7
57.7
57.7
57.7
57.7
57.7
57.7
58
58
58
58
58
58
58
58
58
57
58.5
58.5
58.5
58.6
58.6
58.8
58.8
58.8
59
59
59
56
56
56
56
56
56
56
56
56
56
56
56
56
59.5
59.5
59.5
59.5
59.5
59.5
59.5
59.5
59.5
59.5
59.5
59.5
59.5
59.5
59.5
59.5
59.5
68.5
68.5
59.5
59.5
59.5
59.5
59.5
59.5
59.5
59.5
59.5
59.5
59.5
59.5
59.5
59.5
59.5
59.5
59.5
59.8
59.8
59.8
61
61
61
61
61
61
61
61
61
61
61
65
65
65
65
65
65
65
65
65
65
65
62
62
62
62
62
62
62
62
62
62
62
62
62
62
62
62
62
62
62
62
62
62
62
62
62
62
62
62
62
62
62
62
62
62
62
62
62
62
62
62
62
62
62
62
62
62
62
62
62.4
62.4
62.4
62.4
62.4
62.4
62.4
62.4
62.4
62.4
62.4
62.4
62.4
62.4
62.4
62.4
62.4
62.4
62.4
62.4
62.4
62.4
62.4
62.4
62.4
62.4
62.4
62.4
62.4
62.4
62.4
62.8
62.8
62.8
62.8
62.8
62.8
62.8
63.5
63.5
63.5
89.9
89.9
89.9
89.9
78
78
65.5
65.5
65.5
65.5
65.5
65.5
65.5
65.5
65.5
65.5
65.5
65.5
65.5
66
66
66
66
66
66
66
66
66
66
66
66
66
66
66
66
66
66
66
66
66
66
66
66
66.5
66.5
66.5
63
63
63
63
63
63
63
63
63
63
63
63
63
63
63
63
63
63
63
63
67
67
67
67
67
67
82
72
68.5
68.5
68.5
68.5
68.5
68.5
68.5
68.5
68.5
68.5
68.5
68.5
68.5
68.5
68.5
68.5
65
65
65
65
65
65
65
65
65
65
65
65
65
65
65
65
65
65
65
65
65
65
65
65
65
65
65
65
65
65
65
65
65
65
65
65
69.8
69.8
69.8
69.8
69.8
69.8
87
73
73
73
73
73
73
73
73
73
73
73
73
73
73
73
73
73
73
73
73
73
73
73
73
73
73
73
73
73
73
73
73
73
73
73
73
73
73
73
73
73
73
73
73
73
69
69
89
89
89
89
73.9
74.7
74.7
74.7
74.7
74.7
74.7
74.7
74.7
74.7
79.5
79.5
75
75
75
75
75
75
75
75
75
75
75
75
75
75
75
75
76
76
76
76
76
74.8
74.8
95
95
95
95
95
80
80
80
80
80
80
80
80
80
80
80
80
80
80
80
80
80
80
80
80
80
80
80
80
80
80
80
80
80
80
80
85
76
76
76
76
76
76
76
76
76
76
98
98
98
77
77
77
77
77
77
77
99
99
77
82
82
82
82
82
82
82
82
82
82
82
83.5
83.5
83.5
79
79
79
79
79
79
89
89
84
84
105
105
82
82
82
82
82
82
82
82
82
82
91.4
91.4
91.4
91.5
91.5
91.5
93
93
93
93
93
93
93
93
93
93
93
93
93
93
93
93
93
93
93
93
93
93
93
93
93
93
93
93
93
93
93
114
114
94
94
94
89
89
89
89
89
89
94.3
94.3
94.3
95
95
95
95
95
95
95
95
95
95
95
116
116
97
97
97
98
98
98
98
98
98
98
98
98
98
98
98
98
94
107
107
120
120
99
99
105
105
105
100
122
122
122
109
116
116
116
116
116
116
116
116
118
118
118
118
118
118
118
118
118
118
118
112
112
112
112
112
112
112
112
112
112
112
112
121.3
121.3
121.3
121.3
121.3
121.3
121.3
149
149
149
119
119
119
136
136
122
122
122
132
132
142
142
142
142
152
152
152
152
149
149
149
225
225
164
164
164
164
164
227
227
227
229
229
235
250
250
250
250
285
285
285
370
14
14
14
14
14
14
14
14
14
14
14
35
54.5
35
59.5
35
54.5
35
59.5
25
25
11
11
14.6
14.6
14.6
14.6
14.6
14.6
9.69
9.69
9.69
9.69
149
16.7
12.92
13.1
13.9
14
23.2
23.2
29.5
29.5
29.5
29.9
21.9
16.3
15
15
24.89
15
15
15
34.4
15
15
15
15
15
15
15
14.6
14.6
14.6
14.6
14.6
14.6
14.6
14.6
33.3
33.3
33.3
38.6
38.6
38.6
25
25
25
27.4
27.4
27.4
21.5
21.5
21.5
17.5
17.5
17.5
17.5
27.8
27.8
24.9
24.9
35.2
35.2
39.8
39.8
45.8
45.8
11.5
11.5
8.5
8.5
18.2
18.2
18.2
18.2
18.2
23.8
23.8
14.8
14.8
24.5
24.5
18.24
27.4
27.4
27.4
21.5
21.5
21.5
17.5
17.5
17.5
17.5
17.5
17.5
17.5
17.5
18.2
18.2
18.2
9.1
9.1
9.1
9.1
9.12
9.12
9.12
14.4
14.4
14.4
14.4
14.4
14.4
8.7
8.7
8.7
8.7
8.7
8.7
19.14
9.1
123.5
123.5
123.5
44.9
44.9
44.9
44.9
64.9
64.9
90
19
43
28
27.8
24.9
35.2
39.8
45.8
11.5
8.5
36
36
36
330
29
29
26
26
26
26
26
26
26
26
26
26
26
26
26
34.2
34.2
34.2
34.2
34.2
34.2
26
26
26
29
29
29
29
26
26
26
26
164
79.5
79.5
79.5
79.5
49
49
119
119
119
119
119
119
55
55
55
55
55
55
69
69
69
69
69
69
69
26
26
26
26
26
26
26
26
73
119
99
99
99
99
119
29
29
29
29
29
29
39
39
39
39
65
65
99
37
37
37
37
37
37
37
49
49
49
49
49
49
49
73
73
73
25
25
25
25
29.5
29.5
29.5
29.5
45
79
79
79
79
79
79
79
124
124
39
39
49
49
49
129
129
129
129
119
119
119
119
119
129
129
129
129
14
16
20
39
60
30
20
20
20
20
20
20
20
15
15
15
15
15
15
15
26
26
26
26
26
26
26
26
26
26
32
39
39
49
39
39
35
35
39
39
39
39
39
39
39
39
39
39
39
39
39
39
39
39
39
35
35
35
39
39
39
39
39
39
39
39
39
39
39
39
39
25
25
25
25
25
25
25
25
25
14
25
45
25
25
45
14
25
25
34
25
25
25
25
25
25
25
25
25
25
19
19
59
59
59
59
59
59
59
59
59
59
59
59
59
59
59
59
59
59
59
59
59
59
59
59
59
59
59
59
59
59
59
59
59
59
59
59
59
59
59
59
59
59
59
59
59
59
65
65
65
65
65
65
65
65
39
39
39
39
39
39
39
39
39
39
18
18
39
39
39
39
39
18
18
35
35
35
35
55
55
55
55
65
65
65
65
139
75
75
75
29
29
29
39
39
39
49
49
49
59
59
59
59
65
99
129
65
99
129
65
99
129
139
65
99
129
99
129
65
99
129
139
65
99
129
65
99
129
33
33
33
33
33
33
168
168
79
109
79
109
79
109
79
109
79
109
79
109
79
79
109
79
109
79
109
109
69
69
69
69
39
39
39
39
49
49
49
49
192
120
216
240
45
39.5
45
45
45
45
39.5
39.5
39.5
45
39.5
39.5
39.5
39.5
39.5
39.5
39.5
39.5
39.5
39.5
32
32
32
32
32
32
32
32
32
49.5
49.5
49.5
49.5
49.5
49.5
49.5
49.5
49.5
20
20
20
20
20
20
20
20
20
20
20
23
29
23
29
23
29
23
29
23
29
29
23
29
20
20
20
34
34
34
34
34
34
34
34
34
20
20
20
20
20
95
149
149
95
149
95
149
95
95
149
95
149
149
95
149
95
95
149
95
149
95
95
95
149
149
149
95
0
1.31
1.31
1.31
1.31
1.31
1.31
1.31
1.31
1.31
1.31
1.31
1.31
1.31
1.66
1.66
1.66
1.66
1.66
1.66
1.66
1.7
1.7
1.7
1.7
1.7
1.7
1.7
1.7
1.7
2.97
2.97
2.97
2.97
2.97
2.97
2.97
3.83
3.83
3.83
3.83
3.83
3.83
3.83
4.17
4.17
4.17
4.17
4.17
4.17
4.17
4.17
4.17
4.17
4.17
4.17
4.17
4.17
4.17
4.17
4.17
4.17
4.17
4.17
4.17
4.17
4.17
4.17
4.17
4.17
4.17
4.17
4.17
4.17
4.46
4.46
4.46
4.46
4.46
4.46
4.46
4.46
4.46
4.46
4.46
4.46
4.46
4.8
4.8
4.8
4.8
4.8
4.8
5.02
5.02
5.02
5.02
5.02
5.02
5.02
5.02
5.02
5.02
5.02
5.02
5.02
5.02
5.02
5.02
5.02
5.02
5.02
5.02
5.02
5.02
5.02
5.02
5.02
5.02
5.02
5.02
5.02
5.27
5.27
5.27
5.27
5.27
5.27
5.27
5.53
5.53
5.53
5.53
5.53
5.53
5.53
5.53
5.53
5.53
5.53
5.53
5.53
5.53
5.53
5.53
5.53
5.7
5.7
5.7
5.7
5.7
5.7
6.04
6.04
6.04
6.04
6.04
7.2
7.2
7.2
7.2
7.2
7.2
7.2
7.2
7.4
7.48
7.56
7.56
7.56
7.56
7.56
7.6
7.6
7.6
7.6
8.1
8.1
8.1
8.1
8.1
8.42
8.42
8.42
8.42
8.42
8.42
8.42
8.42
8.42
9
9
9
9
9
9
9
9
9
9.18
9.18
9.18
9.18
9.18
9.18
9.27
9.27
9.27
9.27
9.27
9.27
9.27
9.27
9.27
9.27
9.27
9.27
9.27
9.27
9.27
9.27
9.27
9.27
9.27
9.27
9.27
9.27
9.27
9.27
9.27
9.27
9.27
9.27
9.27
9.27
9.78
9.78
9.78
9.78
9.78
9.78
9.78
9.78
9.78
9.78
9.78
9.78
9.78
9.78
9.78
9.78
9.9
9.9
9.9
10.03
10.03
10.03
10.03
10.03
10.03
10.03
10.03
10.03
10.03
10.12
10.12
10.12
10.12
10.12
10.3
10.3
10.54
10.54
10.54
10.54
10.54
10.54
10.54
10.54
10.54
10.54
10.54
10.6
10.71
10.71
10.71
10.71
10.83
11.13
11.13
11.13
11.14
11.14
11.14
11.14
11.14
11.14
11.14
11.14
11.14
11.59
11.6
11.65
11.65
11.65
11.65
11.65
11.65
11.65
11.65
11.65
11.65
11.65
11.65
11.65
11.65
11.65
11.65
11.65
11.65
11.65
11.65
11.65
11.65
11.65
11.65
11.65
11.65
11.65
11.65
11.65
11.65
11.65
11.7
11.7
11.7
11.8
11.8
11.8
11.8
11.8
11.82
11.82
11.82
12.16
12.16
12.16
12.2
12.2
12.2
12.3
12.3
12.3
12.3
12.3
12.3
12.3
12.3
12.3
12.3
12.3
12.3
12.3
12.3
12.3
12.33
12.33
12.33
12.33
12.33
12.33
12.33
12.33
12.33
12.33
12.33
12.33
12.33
12.6
12.6
12.6
12.73
12.73
12.73
12.73
12.73
12.73
12.84
13.3
13.3
13.95
13.95
13.95
13.95
13.95
14.1
14.1
14.1
14.1
14.24
14.24
14.24
14.24
14.8
14.8
14.88
14.88
14.88
14.88
14.88
14.88
14.88
14.88
14.88
14.88
14.88
14.88
14.88
14.88
14.88
14.88
14.88
14.88
14.88
14.88
14.88
14.88
14.88
14.88
14.88
14.88
14.88
14.88
14.88
14.88
14.88
14.88
14.88
14.88
14.88
14.88
14.88
14.88
15
15
15
15
15.13
15.13
15.13
15.13
15.13
15.13
15.13
15.13
15.3
15.47
15.47
15.47
15.8
15.8
15.8
15.8
15.8
15.8
15.8
15.92
15.98
15.98
15.98
15.98
15.98
15.98
16.06
16.06
16.06
16.3
16.3
16.3
16.3
16.9
16.9
16.9
16.9
17
17
17
17
17
17
17
17
17
17
17
17
17
17
17
17
17
17
17
17
17
17
17
17
17
17
17
17.17
17.17
17.17
17.17
17.17
17.17
17.17
17.26
17.85
17.85
17.85
17.85
17.85
17.85
17.85
17.85
17.85
17.85
17.85
17.85
17.85
17.85
17.85
17.85
17.85
17.85
17.85
17.85
17.85
17.85
17.85
17.85
17.85
17.85
17.85
17.85
17.85
17.85
18.62
18.62
18.62
18.7
18.7
18.7
18.7
18.7
18.7
18.7
18.7
18.7
18.9
18.9
19.2
19.2
19.2
19.2
19.2
19.2
19.2
19.2
19.3
19.55
19.55
19.55
19.55
19.55
19.55
19.55
19.55
19.55
19.55
19.55
19.55
19.55
19.55
19.55
19.55
19.55
19.55
19.55
19.55
19.55
19.55
19.55
19.72
19.72
19.72
19.72
19.72
19.72
19.72
19.72
19.72
19.72
19.72
19.72
19.72
19.72
19.72
19.72
19.72
19.72
19.72
19.72
19.72
19.72
19.72
19.72
19.72
19.72
19.72
19.72
19.72
19.72
19.72
19.8
19.8
19.8
19.8
19.8
19.8
19.8
19.8
19.8
19.8
19.8
19.8
20.25
20.25
20.25
20.25
20.25
20.25
20.25
20.25
20.32
20.32
20.32
20.4
20.4
20.4
20.4
20.4
20.4
20.4
20.4
20.4
20.64
20.64
20.64
20.64
20.7
20.7
20.7
20.7
20.83
20.83
20.83
20.83
20.83
20.83
20.83
21
21
21.25
21.28
21.28
21.28
21.28
21.28
21.28
21.28
21.6
21.7
21.7
21.7
22.1
22.1
22.1
22.1
22.1
22.1
22.1
22.1
22.1
22.1
22.1
22.1
22.1
22.1
22.1
22.1
22.1
22.1
22.1
22.1
22.1
22.1
22.1
22.1
22.1
22.4
22.4
22.5
22.5
22.5
22.75
22.75
22.75
22.75
22.75
22.75
22.75
22.75
22.75
22.75
22.75
22.75
22.75
22.75
22.75
22.75
22.75
22.75
22.75
22.75
22.75
22.75
22.75
22.75
22.75
22.75
22.75
22.78
22.78
22.78
22.78
22.78
22.78
22.78
22.78
22.78
22.78
22.78
22.78
22.78
22.78
22.78
22.78
22.78
22.78
22.78
22.78
22.78
22.78
22.78
22.78
22.78
22.78
22.78
22.78
22.78
22.78
22.78
22.95
22.95
22.95
22.95
22.95
22.95
23.1
23.1
23.1
23.1
23.1
23.1
23.4
23.4
23.4
23.4
23.4
23.4
23.4
23.4
23.4
23.4
23.71
23.71
23.71
23.71
23.71
23.71
23.71
23.8
23.8
23.8
23.8
23.8
24.3
24.3
24.3
24.3
24.4
24.4
24.4
24.4
24.4
24.4
24.4
24.5
24.5
24.5
24.5
24.65
24.65
24.65
24.65
24.65
24.65
24.65
24.65
24.65
24.65
24.65
24.65
24.65
24.65
24.65
24.65
24.65
24.65
24.65
24.65
24.65
24.65
24.65
24.65
24.65
24.65
24.65
24.65
24.65
24.65
24.9
24.99
24.99
24.99
24.99
24.99
24.99
24.99
24.99
24.99
24.99
24.99
24.99
24.99
25.07
25.07
25.07
25.07
25.07
25.07
25.07
25.07
25.07
25.07
25.07
25.2
25.2
25.2
25.2
25.2
25.2
25.2
25.2
25.2
25.2
25.2
25.2
25.2
25.2
25.2
25.33
25.33
25.33
25.33
25.42
25.84
25.84
25.84
25.84
25.84
25.84
25.84
25.84
26
26
26
26
26.1
26.1
26.1
26.1
26.1
26.1
26.1
26.6
27.2
27.2
27.2
25.2
27.88
27.88
27.88
27.88
27.88
28.9
29.24
29.24
29.24
29.24
29.24
29.24
29.24
29.24
29.24
29.24
29.24
29.24
29.24
29.24
29.24
29.24
29.24
29.24
29.24
29.24
29.24
29.24
29.24
29.24
29.24
29.24
29.24
29.24
29.24
29.24
29.24
29.24
29.24
29.24
29.24
29.24
29.24
29.24
29.24
29.24
29.24
29.24
29.24
29.24
29.24
29.25
29.25
29.25
29.25
29.25
29.25
29.25
29.25
29.25
29.4
29.4
29.4
29.4
29.44
29.44
29.44
29.44
29.44
29.44
29.44
29.58
29.58
29.58
29.58
29.58
29.75
29.75
29.75
29.75
29.75
29.75
29.75
29.75
29.75
29.75
29.75
29.75
29.75
29.75
29.75
29.75
29.75
29.75
29.75
29.75
29.75
29.75
29.75
29.75
29.75
29.75
29.75
29.75
29.75
29.75
29.75
29.75
29.75
29.75
29.75
29.75
29.75
29.75
29.75
29.75
29.75
29.75
29.75
29.75
29.75
29.75
29.75
29.75
29.75
29.75
29.75
29.75
30
30
30
30
30
30
30
30.6
30.6
30.72
30.72
30.72
30.94
30.94
30.94
30.94
30.94
30.94
30.94
31.2
31.2
31.2
31.2
31.45
31.5
31.5
31.5
31.5
31.5
31.5
31.5
31.5
31.5
31.5
31.5
31.5
31.5
31.5
31.5
31.5
31.5
31.5
31.79
31.79
31.79
31.79
31.79
31.79
31.79
31.79
31.79
32.04
32.04
32.05
32.05
32.05
32.05
32.3
32.3
32.3
32.3
32.3
32.3
32.3
32.3
32.3
32.3
32.3
32.3
32.3
32.3
32.3
32.3
32.3
32.3
32.3
32.3
32.3
32.3
32.3
32.3
32.3
32.3
32.3
32.3
32.3
32.3
32.3
32.3
32.3
32.3
32.3
32.3
32.3
32.3
32.3
32.3
32.3
32.3
32.3
32.3
32.3
32.3
32.3
32.3
32.3
32.3
32.3
32.3
32.3
32.3
32.3
32.3
32.3
32.3
32.3
32.3
32.3
32.3
32.3
32.3
32.3
32.4
32.4
32.4
32.4
32.4
32.4
33.1
33.1
33.1
33.1
33.15
33.15
33.15
33.15
33.15
33.15
33.15
33.15
33.15
33.15
33.15
33.15
33.15
33.15
33.15
33.15
33.15
33.15
33.15
33.15
33.15
33.15
33.15
33.15
33.15
33.15
33.15
33.15
33.15
33.15
33.15
33.15
33.15
33.15
33.15
33.15
33.15
33.15
33.15
33.15
33.15
33.15
33.15
33.15
33.15
33.15
33.15
33.2
33.2
33.83
33.83
33.83
33.83
33.83
33.83
33.83
33.83
33.83
33.83
33.83
33.83
33.83
33.83
33.83
33.83
33.83
33.83
33.83
33.83
33.83
33.83
33.83
33.83
33.83
33.83
33.83
33.83
33.83
33.91
33.91
33.91
33.91
33.91
33.91
33.92
33.92
33.92
34.2
34.2
34.2
34.2
34.3
34.3
34.3
34.3
34.3
34.3
34.3
34.51
34.51
34.51
34.51
34.51
34.51
35
35
35.1
35.1
35.1
35.1
35.1
35.1
35.1
35.1
35.7
35.7
35.7
35.7
35.7
35.7
36
36
36
36
36
36
36.04
36.04
36.04
36.04
36.04
36.04
36.04
36.04
36.81
36.81
36.81
36.81
36.81
36.81
36.81
36.81
36.81
36.81
36.81
36.81
36.81
36.81
36.81
36.81
36.81
36.81
36.81
36.81
36.81
36.81
36.81
36.81
36.81
36.81
36.81
36.81
36.81
36.81
36.81
37.04
37.04
37.31
37.31
37.31
37.31
37.31
37.4
37.4
37.4
37.4
37.4
37.4
37.4
37.4
37.4
37.4
37.4
37.4
37.4
37.4
37.4
37.4
37.4
37.4
37.4
37.4
37.4
37.4
37.4
37.4
37.4
37.4
37.4
37.4
37.4
37.4
37.4
37.4
37.4
37.4
37.4
37.4
37.4
37.4
37.4
37.4
37.4
37.4
37.4
37.4
37.4
37.4
37.4
37.4
37.4
37.4
37.4
37.4
37.4
37.4
37.4
37.4
37.4
37.4
37.4
37.4
37.4
37.4
37.4
37.4
37.4
37.74
37.74
37.74
37.74
37.74
37.74
37.74
37.74
37.8
38.25
38.25
38.25
38.25
38.7
38.7
38.7
38.7
38.7
38.7
38.7
38.7
38.7
38.7
38.8
38.8
38.8
38.8
38.8
38.8
38.8
39
39
39
39
39
39
39
39
39
39
39.1
39.1
39.1
39.1
39.1
39.1
39.1
39.1
39.1
39.1
39.1
39.1
39.1
39.1
39.1
39.1
39.1
39.1
39.1
39.1
39.1
39.1
39.1
39.1
39.1
39.1
39.1
39.1
39.1
39.1
39.1
39.2
39.2
39.2
39.2
39.2
39.2
39.2
39.2
39.2
39.2
40.1
40.21
40.21
40.21
40.38
40.38
40.5
40.5
40.5
40.5
40.5
40.5
40.5
40.5
40.8
40.8
40.8
40.8
40.8
40.8
40.8
40.8
40.8
40.8
40.8
40.8
40.8
40.8
40.8
40.8
40.8
40.8
40.8
40.8
40.8
40.8
40.8
40.8
40.8
40.8
40.8
40.8
40.8
40.8
40.8
40.8
40.8
40.8
40.8
40.95
40.95
41.65
41.65
41.65
41.65
41.65
41.65
41.65
41.65
41.65
41.65
41.65
41.65
41.65
41.65
41.8
42.16
42.16
42.16
42.16
42.3
42.3
42.33
42.33
42.33
42.33
42.33
42.5
43.35
43.35
43.35
43.35
43.35
43.35
43.35
43.35
43.35
43.35
43.35
43.35
43.35
43.35
43.35
43.35
43.35
43.35
43.35
43.35
43.35
43.7
43.7
44.1
44.1
44.1
44.1
44.1
44.1
44.1
44.1
44.1
44.2
44.2
44.2
44.2
44.2
44.2
44.2
44.2
44.2
44.2
44.2
44.2
44.7
44.7
44.7
44.7
44.71
44.71
44.71
44.71
44.71
44.8
44.8
45
45
45
45
45
46.3
46.3
46.3
46.3
46.3
46.3
46.3
46.32
46.32
46.32
46.32
46.32
46.32
46.32
46.32
46.32
46.32
46.32
46.32
46.32
46.32
46.32
46.32
47.2
47.2
47.35
47.35
47.5
47.52
47.52
47.7
47.7
47.7
47.7
47.7
47.94
47.94
47.94
47.94
47.94
48.03
48.03
48.03
48.03
48.03
48.03
48.11
48.11
48.11
48.11
48.11
48.11
48.11
48.11
48.11
48.45
48.45
48.45
48.45
48.45
48.45
48.45
48.45
48.45
48.45
48.45
48.45
48.45
48.45
48.45
48.45
48.6
48.6
48.6
48.6
48.6
48.6
48.6
48.6
48.6
48.6
49.04
49.04
49.04
49.04
49.04
49.04
49.04
49.04
49.04
49.04
49.04
49.04
49.04
49.05
49.05
49.05
49.05
49.05
49.05
49.05
49.05
49.05
49.05
49.05
49.3
49.3
49.3
49.3
49.3
49.3
49.3
49.3
49.3
49.4
49.73
49.73
49.73
49.81
49.81
49.98
49.98
49.98
50.15
50.15
50.15
50.4
50.4
50.4
50.4
50.4
50.4
50.4
50.4
50.4
50.4
50.4
50.4
50.4
50.5
50.5
50.5
50.5
50.5
50.5
50.5
50.5
50.5
50.5
50.5
50.57
50.57
50.57
50.57
50.57
50.57
50.57
50.57
50.57
50.57
50.57
50.57
50.57
50.57
50.57
50.57
50.57
50.57
50.57
50.57
50.57
50.57
50.57
50.57
50.57
50.83
50.83
50.83
51.85
51.85
51.85
51.85
51.85
51.85
51.85
51.85
51.85
51.85
51.85
52
52
52
52
52
52
52
52
52
52
52
52.07
52.07
52.07
52.07
52.07
52.07
52.07
52.07
52.07
52.07
52.07
52.7
52.7
52.7
52.7
52.7
52.7
52.7
52.7
52.7
52.7
52.7
52.7
52.7
52.7
52.7
52.7
52.7
52.7
52.7
52.7
52.7
52.7
52.7
52.7
52.7
52.7
52.7
52.7
52.7
52.7
52.7
52.7
52.7
52.7
52.7
52.7
52.7
53.04
53.04
53.04
53.04
53.04
53.04
53.04
53.04
53.04
53.04
53.04
53.04
53.04
53.04
53.04
53.04
53.04
53.04
53.04
53.04
53.04
53.04
53.04
53.04
53.04
53.04
53.04
53.04
53.04
53.04
53.04
53.38
53.38
53.38
53.38
53.38
53.38
53.38
53.9
53.9
53.9
53.94
53.94
53.94
53.94
54.6
54.6
55.6
55.6
55.6
55.6
55.67
55.67
55.67
55.67
55.67
55.67
55.67
55.67
55.67
56.1
56.1
56.1
56.1
56.1
56.1
56.1
56.1
56.1
56.1
56.1
56.1
56.1
56.1
56.1
56.1
56.1
56.1
56.1
56.1
56.1
56.1
56.1
56.1
56.52
56.52
56.52
56.7
56.7
56.7
56.7
56.7
56.7
56.7
56.7
56.7
56.7
56.7
56.7
56.7
56.7
56.7
56.7
56.7
56.7
56.7
56.7
56.95
56.95
56.95
56.95
56.95
56.95
57.4
57.6
58.22
58.22
58.22
58.22
58.22
58.22
58.22
58.22
58.22
58.22
58.22
58.22
58.22
58.22
58.22
58.22
58.5
58.5
58.5
58.5
58.5
58.5
58.5
58.5
58.5
58.5
58.5
58.5
58.5
58.5
58.5
58.5
58.5
58.5
58.5
58.5
58.5
58.5
58.5
58.5
58.5
58.5
58.5
58.5
58.5
58.5
58.5
58.5
58.5
58.5
58.5
58.5
59.33
59.33
59.33
59.33
59.33
59.33
60.9
62.05
62.05
62.05
62.05
62.05
62.05
62.05
62.05
62.05
62.05
62.05
62.05
62.05
62.05
62.05
62.05
62.05
62.05
62.05
62.05
62.05
62.05
62.05
62.05
62.05
62.05
62.05
62.05
62.05
62.05
62.05
62.05
62.05
62.05
62.05
62.05
62.05
62.05
62.05
62.05
62.05
62.05
62.05
62.05
62.05
62.1
62.1
62.3
62.3
62.3
62.3
62.82
63.49
63.49
63.49
63.49
63.49
63.49
63.49
63.49
63.49
63.6
63.6
63.75
63.75
63.75
63.75
63.75
63.75
63.75
63.75
63.75
63.75
63.75
63.75
63.75
63.75
63.75
63.75
64.6
64.6
64.6
64.6
64.6
65.38
65.38
66.5
66.5
66.5
66.5
66.5
68
68
68
68
68
68
68
68
68
68
68
68
68
68
68
68
68
68
68
68
68
68
68
68
68
68
68
68
68
68
68
68
68.4
68.4
68.4
68.4
68.4
68.4
68.4
68.4
68.4
68.4
68.6
68.6
68.6
69.3
69.3
69.3
69.3
69.3
69.3
69.3
69.3
69.3
69.3
69.7
69.7
69.7
69.7
69.7
69.7
69.7
69.7
69.7
69.7
69.7
70.97
70.97
70.97
71.1
71.1
71.1
71.1
71.1
71.1
71.2
71.2
71.4
71.4
73.5
73.5
73.8
73.8
73.8
73.8
73.8
73.8
73.8
73.8
73.8
73.8
77.69
77.69
77.69
77.77
77.77
77.77
79.05
79.05
79.05
79.05
79.05
79.05
79.05
79.05
79.05
79.05
79.05
79.05
79.05
79.05
79.05
79.05
79.05
79.05
79.05
79.05
79.05
79.05
79.05
79.05
79.05
79.05
79.05
79.05
79.05
79.05
79.05
79.8
79.8
79.9
79.9
79.9
80.1
80.1
80.1
80.1
80.1
80.1
80.16
80.16
80.16
80.75
80.75
80.75
80.75
80.75
80.75
80.75
80.75
80.75
80.75
80.75
81.2
81.2
82.4
82.45
82.45
83.3
83.3
83.3
83.3
83.3
83.3
83.3
83.3
83.3
83.3
83.3
83.3
83.3
84.6
85.6
85.6
87.3
87.3
89.1
89.1
89.25
89.25
89.25
90
97.6
97.6
97.6
98.1
98.6
98.6
98.6
98.6
98.6
98.6
98.6
98.6
100.3
100.3
100.3
100.3
100.3
100.3
100.3
100.3
100.3
100.3
100.3
100.8
100.8
100.8
100.8
100.8
100.8
100.8
100.8
100.8
100.8
100.8
100.8
103.11
103.11
103.11
103.11
103.11
103.11
103.11
104.3
104.3
104.3
107.1
107.1
107.1
108.8
108.8
109.8
109.8
109.8
118.8
118.8
120.7
120.7
120.7
120.7
129.2
129.2
129.2
129.2
134.1
134.1
134.1
142.3
142.3
147.6
147.6
147.6
147.6
147.6
181.6
181.6
181.6
183.2
183.2
199.75
200
200
200
200
242.05
242.25
242.25
296
0
104130123456
124010123456
163510123456
113200123456
113280123456
113260123456
321880123456
163110123456
172390123456
113450123456
104620123456
104630123456
124510123456
143160123456
113470123456
104650123456
104520123456
124430123456
143040123456
163850123456
104290123456
124190123456
143210123456
163590123456
104330123456
124230123456
143200123456
163630123456
282410123456
282500123456
282510123456
290120123456
290150123456
290160123456
290170123456
290180123456
290190123456
104510123456
124420123456
163840123456
152340123456
105550123456
124880123456
164020123456
105660123456
125000123456
164110123456
105650123456
124990123456
164100123456
105680123456
123920123456
163340123456
142720123456
113120123456
115660123456
132400123456
172600123456
172470123456
104670123456
104560123456
124470123456
163890123456
143080123456
105250123456
124710123456
163910123456
143110123456
105270123456
124730123456
163930123456
143130123456
104390123456
124300123456
163720123456
142910123456
121470123456
321830123456
283060123456
283070123456
283080123456
283050123456
283090123456
283100123456
283110123456
283120123456
283130123456
283140123456
283150123456
29140123456
290200123456
282590123456
290210123456
282600123456
290220123456
301570123456
282610123456
290230123456
301580123456
282620123456
290240123456
301590123456
282630123456
290250123456
301600123456
281980123456
282640123456
282650123456
282670123456
282690123456
282700123456
282710123456
282720123456
282730123456
282740123456
282750123456
282770123456
282780123456
282790123456
282800123456
282810123456
282860123456
282870123456
282880123456
282890123456
282900123456
282910123456
282920123456
260820123456
250660123456
260860123456
260830123456
250670123456
260890123456
260840123456
250680123456
260870123456
260850123456
250690123456
260880123456
260910123456
250700123456
260940123456
260930123456
250710123456
260950123456
260920123456
250720123456
260960123456
260900123456
250730123456
260970123456
113310123456
113030123456
113040123456
113010123456
281860123456
281840123456
281910123456
104100123456
104070123456
112390123456
112400123456
122270123456
122270123456
122280123456
122260123456
283190123456
283210123456
283200123456
104440123456
124350123456
163770123456
142960123456
105600123456
124930123456
164070123456
145140123456
105560123456
124890123456
164030123456
145150123456
105540123456
124870123456
164010123456
145160123456
105570123456
124900123456
164040123456
145170123456
105580123456
124910123456
164050123456
145180123456
321640123456
283160123456
283170123456
283180123456
283030123456
283040123456
330360123456
330440123456
301900123456
301910123456
301880123456
301890123456
113170123456
152240123456
113180123456
152250123456
113150123456
152220123456
113190123456
152260123456
115890123456
282300123456
113360123456
282290123456
282310123456
282320123456
282270123456
113320123456
282280123456
282010123456
282030123456
261930123456
250760123456
261810123456
261900123456
250740123456
261010123456
261920123456
250770123456
261020123456
261910123456
250750123456
261800123456
261940123456
250790123456
261840123456
261890123456
250800123456
161830123456
261880123456
250810123456
261850123456
261860123456
250780123456
261820123456
322200123456
322210123456
0
54.00
57.00
87.00
39.00
52.00
52.00
148.00
47.00
38.00
35.00
49.00
49.00
52.00
74.00
35.00
49.00
68.00
71.00
94.00
103.00
89.00
96.00
114.00
120.00
89.00
96.00
114.00
120.00
31.00
31.00
31.00
8.00
8.00
8.00
8.00
8.00
8.00
72.00
74.00
99.00
74.00
78.00
81.00
105.00
110.00
116.00
150.00
110.00
116.00
150.00
49.00
52.00
82.00
78.00
35.00
35.00
38.00
63.00
53.50
49.00
107.00
114.00
136.00
130.00
89.00
96.00
116.00
114.00
89.00
96.00
116.00
114.00
89.00
96.00
116.00
114.00
56.00
84.00
30.00
30.00
30.00
30.00
30.00
30.00
30.00
30.00
33.00
33.00
33.00
6.00
6.00
30.00
6.00
30.00
6.00
18.00
30.00
6.00
18.00
30.00
6.00
18.00
30.00
6.00
18.00
45.00
45.00
45.00
45.00
45.00
45.00
45.00
45.00
45.00
45.00
45.00
45.00
45.00
45.00
45.00
45.00
45.00
45.00
45.00
45.00
45.00
45.00
45.00
139.00
45.00
68.00
139.00
45.00
68.00
139.00
45.00
68.00
139.00
45.00
68.00
139.00
45.00
68.00
139.00
45.00
68.00
139.00
45.00
68.00
139.00
45.00
68.00
34.00
34.00
34.00
34.00
27.00
27.00
27.00
49.00
49.00
38.00
38.00
45.00
45.00
45.00
45.00
36.00
36.00
36.00
72.00
74.00
99.00
94.00
72.00
74.00
99.00
94.00
78.00
81.00
105.00
95.00
78.00
81.00
105.00
95.00
78.00
81.00
105.00
95.00
78.00
81.00
105.00
95.00
19.00
33.00
33.00
33.00
21.00
21.00
13.00
41.90
32.50
32.50 
32.50 
32.50
34.00
61.00
34.00
61.00
34.00
61.00
34.00
61.00
22.00
24.00
65.00
24.00
24.00
24.00
24.00
65.00
24.00
19.90
19.90
122.00
42.00
51.50
122.00
42.00
51.50
122.00
42.00
51.50
122.00
42.00
51.50
122.00
42.00
51.50
122.00
42.00
51.50
122.00
42.00
51.50
122.00
42.00
51.50
12.00
12.00
0
30%
30%
30%
20%
20%
20%
20%
20%
20%
30%
30%
30%
30%
30%
30%
30%
20%
20%
20%
20%
30%
30%
30%
30%
30%
30%
30%
30%
30%
30%
30%
20%
20%
20%
20%
20%
20%
20%
20%
20%
20%
30%
30%
30%
10%
10%
10%
10%
10%
10%
30%
30%
30%
30%
30%
30%
30%
30%
30%
30%
20%
20%
20%
20%
30%
30%
30%
30%
30%
30%
30%
30%
30%
30%
30%
30%
10%
20%
30%
30%
30%
30%
30%
30%
30%
30%
30%
30%
30%
10%
10%
10%
10%
10%
10%
10%
10%
10%
10%
10%
10%
10%
10%
10%
10%
10%
10%
10%
10%
10%
10%
10%
10%
10%
10%
10%
10%
10%
10%
10%
10%
10%
10%
10%
10%
10%
10%
10%
20%
20%
20%
20%
20%
20%
20%
20%
20%
20%
20%
20%
20%
20%
20%
20%
20%
20%
20%
20%
20%
20%
20%
20%
20%
20%
20%
20%
20%
20%
20%
0%
0%
0%
0%
0%
0%
0%
0%
0%
0%
0%
20%
20%
20%
20%
20%
20%
20%
20%
30%
30%
30%
30%
30%
30%
30%
30%
30%
30%
30%
30%
30%
30%
30%
30%
10%
30%
30%
30%
10%
10%
10%
10%
10%
10%
10%
10%
30%
30%
30%
30%
30%
30%
30%
30%
10%
20%
10%
20%
20%
20%
20%
10%
20%
20%
20%
20%
20%
20%
20%
20%
20%
20%
20%
20%
20%
20%
20%
20%
20%
20%
20%
20%
20%
20%
20%
20%
20%
20%
20%
10%
10%
100