612
613
614
615
616
617
618
619
620
621
622
623
624
434
435
436
437
438
439
440
563
564
565
566
567
568
569
570
571
283350123456
283390123456
283380123456
283370123456
203360123456
3562
283400123456
283420123456
642
643
644
645
646
648
8701
8702
8703
8704
8706
8707
8708
8709
7000
7001
7002
7003
7004
7005
7006
7007
7008
7009
7010
7011
7012
7013
7014
7015
7016
7017
7018
625
626
627
628
629
630
631
632
633
634
635
636
637
841
842
843
844
845
846
199-000051
8531
8532
8533
8534
8535
8536
8537
8538
8539
8540
8541
8542
8543
8544
8545
8546
8547
8548
8549
8550
8551
8552
8554
8555
8556
8557
441
442
443
444
445
446
447
108
109
110
111
112
113
114
115
572
573
574
575
576
577
578
579
580
847
848
849
850
851
852
199-000050
363
364
365
366
367
022-000001
022-000005
022-000004
022-000008
022-000006
022-000007
022-000009
022-000010
022-000011
022-000012
022-000013
022-000002
022-000003
199-000036
290350123456
290390123456
290380123456
290370123456
290410123456
290360123456
290400123456
290420123456
190
9013
754
760
767
774
781
837
838
839
840
204120123456
204100123456
204090123456
204110123456
204130123456
422
423
424
425
426
428
429
430
431
290300123456
290310123456
290290123456
290280123456
290320123456
290330123456
290340123456
290270123456
290260123456
417
418
419
420
421
427
8500
8501
8502
8503
8505
8506
8507
8508
8509
8510
8511
8512
8513
8514
8515
8516
8517
8518
8519
8520
8521
8522
8524
8525
8526
8527
100
101
102
103
104
105
106
107
124
125
126
127
128
129
130
131
853
854
855
199-000032
119-000718
119-000717
672
678
684
690
697
704
711
717
723
729
753
759
766
773
780
735
741
359
360
361
362
448
449
450
451
452
453
454
822
409
410
411
412
825
2222222223
2222222227
2222222231
581
582
583
584
585
586
587
588
589
826
817
8299
8300
8301
8302
8304
8305
8306
8307
8308
8309
8310
8311
8312
8313
8314
8315
8316
8317
8318
8319
8320
8321
8323
8324
8325
8326
8327
3600
330360123456
3602
802
803
804
823
824
385
386
387
071-000521
2038
2044
2050
799
800
801
213
224
234
243
253
297
311
325
339
348
354
638
639
640
641
388
389
390
391
392
393
394
395
396
397
398
399
400
413
414
416
827
828
829
830
831
832
188
120-000050
811
812
004-000006
004-000005
115610123456
115570123456
115550123456
115590123456
115630123456
3520
2222222224
2222222228
2222222232
3872
3873
3874
875
876
9049
9050
9051
9052
9053
9056
9057
9058
9059
9061
9062
9063
9064
9065
9066
9068
9069
9070
9071
9072
9073
9074
9075
9076
9077
9078
9079
9080
9081
9082
9083
9084
9085
023-000017
860
861
862
863
071-000571
071-000522
120-000047
373
374
375
379
380
691
698
705
9002
381
383
384
029-000036
795
796
797
798
808
809
810
282010123456
187
368
369
370
371
372
071-000045
071-000594
071-000595
071-000047
071-000049
071-000500
2039
2045
2051
813
814
815
816
864
865
866
867
120-000034
120-000035
5011
5012
5013
5014
5015
5016
5017
5018
5019
5020
5021
599
600
601
602
603
604
605
606
607
608
609
610
611
2222222225
2222222229
2222222233
009-000048
071-000054
071-000055
071-000499
283430123456
283460123456
283330123456
283500123456
283520123456
132
133
134
135
136
137
138
186
8561
8562
8563
8564
8566
8567
8568
8569
8590
8591
8592
8593
8594
8595
8596
8597
8598
8599
8600
8601
8602
8603
8605
8606
8607
8608
199-000052
064-000035
199-000004
199-000005
120-000052
872
873
874
8715
8721
8727
8733
8739
8745
8751
8757
8763
283030123456
283040123456
071-000525
099-000008
055-000305
055-000308
071-000088
071-000089
071-000090
071-000091
071-000092
071-000087
199-000034
119-000941
119-000939
119-000940
064-000034
072-000026
072-000027
071-000664
805
806
807
282300123456
282270123456
282280123456
282320123456
282310123456
189
212
215
223
226
233
236
242
245
252
255
274
296
299
310
313
324
327
338
341
347
350
353
356
9018
9019
9020
9021
9023
9024
9025
9026
9027
9028
9029
8999
9030
9031
9032
9033
9034
9035
9036
9037
9038
9039
9041
9042
9043
9044
9045
105500123456
105460123456
105440123456
105480123456
105520123456
281850123456
281870123456
281900123456
282170123456
282050123456
282390123456
282370123456
199-000054
116-000044
099-000003
099-000024
120-000046
072-000025
072-000024
071-000519
071-000002
071-000572
071-000674
301700123456
301770123456
301730123456
301720123456
301750123456
301710123456
301780123456
301760123456
182
183
184
590
591
592
593
594
595
596
597
598
3867
3868
3869
3870
868
869
870
871
455
456
457
458
459
460
461
283100123456
283090123456
119-000922
071-000124
071-000130
9001
12008
12009
12010
12011
12014
12015
12016
043-000102
043-000103
043-000104
3745
283440123456
283450123456
283340123456
283490123456
283510123456
282500123456
282510123456
282410123456
004-000009
099-000018
099-000017
009-000052
029-000015
029-000002
023-000014
119-001025
5000
5001
5002
5003
5004
5005
5006
5007
5008
5009
5010
116
117
118
119
120
121
122
123
1138
1139
1140
1141
1785
1786
1713090217000
1713090215002
3603
322220123456
3605
029-000041
029-000046
029-000044
001-000026
536
537
538
539
540
541
542
543
544
545
546
547
548
549
550
551
552
553
554
555
556
557
558
559
560
561
562
8001
8002
8003
8004
8006
8007
8008
8009
8010
8011
8012
8013
8014
8015
8016
8017
8018
8019
8020
8021
8022
8023
8025
8026
8027
8028
8029
1086
1087
1088
1089
1783
1784
119-000928
027-000031
027-000032
283130123456
283150123456
3526
283160123456
283180123456
283170123456
5345
1114086120040
1114086120038
1114086120039
1114086120037
856
857
858
859
501370123456
469
470
471
472
473
475
476
9003
9004
113150123456
113190123456
113180123456
004-000012
029-000010
029-000052
199-000057
120-000037
120-000036
096-000009
096-000010
096-000011
071-000152
001-000005
119-000871
071-000668
071-000670
099-000012
099-000016
282460123456
282480123456
282420123456
282450123456
1315
1320
1325
1330
1335
1340
1345
113450123456
3203
3206
113470123456
115660123456
8671
8672
8673
8674
8676
8677
8678
8679
8680
8681
8682
8683
8684
8685
8686
8687
8688
8689
8690
8691
8692
8693
8695
8696
8697
8698
1310
199-000059
199-000056
071-000844
071-000845
071-000846
001-000002
1300
1305
667
673
679
685
692
699
706
712
718
724
736
071-000667
099-000026
099-000025
119-001019
071-000871
071-000874
071-000875
056-000057
056-000054
199-000035
071-000079
055-000309
071-000102
049-000010
099-000027
119-000767
228
247
257
276
290
301
315
329
343
352
358
1714086119002
1714086219002
1714086219011
1714086219006
1714086219010
1714086219005
1714086219008
1714086219004
1714086219001
3204
3205
113000123456
112990123456
113050123456
115370123456
748
761
768
775
9015
155
156
157
158
159
160
161
162
12001
12002
12003
12006
071-000645
071-000643
071-000746
120-000012
029-000016
071-000635
071-000676
071-000744
071-000745
071-000672
3572
3573
3574
152780123456
152770123456
152960123456
152970123456
071-000753
132400123456
067-000003
067-000002
067-000001
067-000006
067-000004
199-000060
009-000055
071-000034
071-000749
113040123456
113010123456
3738
3740
029-000061
9465
9466
9467
9468
9469
023-000022
023-000020
023-000021
009-000043
071-000532
071-000534
015-000054
119-000721
099-000011
099-000021
9014
199-000023
040-000018
040-000017
199-000017
199-000020
199-000019
071-000538
199-000021
199-000022
072-000015
123-000012
123-000039
142-000008
071-000012
071-000016
071-000022
071-000021
071-000023
071-000024
071-000025
071-000886
071-000020
071-000018
071-000017
071-000027
071-000683
071-000685
071-000684
071-000688
071-000752
071-000820
071-000870
1301
1306
1311
8094
8095
8096
8097
8099
8100
8101
8102
8103
8104
8105
8106
8107
8108
8109
8110
8111
8112
8113
8114
8115
8116
8118
8119
8200
8201
8202
668
674
680
686
693
700
707
713
719
725
737
301790123456
301830123456
301820123456
301850123456
301860123456
301800123456
301840123456
301870123456
3575
1114086120043
1114086120042
1114086120044
1114086120041
1316
1321
1326
1331
1336
1341
1346
142-000009
749
755
762
769
776
208
210
238
240
248
250
291
294
305
308
319
322
333
336
1070
1071
1072
1073
1074
1075
1076
1077
1078
1079
1080
1081
1082
1083
1084
1085
1122
1123
1124
1125
1126
1127
1128
1129
1130
1131
1132
1133
1134
1135
1136
1137
1174
1175
1176
1177
1791
1792
004-000015
004-000014
13000
13001
13002
13003
13004
13005
13006
199-000013
199-000053
071-000754
132700123456
132690123456
3714
3715
3716
477
478
479
480
481
483
484
1113092120004
1113092120000
1113092120002
1113092120003
9016
1710030215013
1710030215014
1710030217000
115720123456
115710123456
115790123456
115730123456
115850123456
115830123456
115750123456
115810123456
115680123456
115700123456
115690123456
115670123456
501510123456
501530123456
501420123456
8710
8716
8722
8728
8734
8740
8746
8752
8758
075-000019
075-000020
075-000018
050-000037
050-000042
050-000039
050-000038
050-000041
050-000040
050-000020
050-000021
050-000022
050-000023
075-000016
085-000009
199-000031
071-000686
1781
1782
1066
1067
1068
1069
12
13
14
15
16
17
18
19
20
21
22
214
225
235
244
254
273
298
312
326
340
349
355
493
494
495
496
497
498
499
500
501
502
503
504
505
506
507
508
510
511
512
513
514
515
516
517
518
519
520
521
522
523
524
525
526
527
528
529
530
531
532
533
534
535
115530123456
115500123456
115420123456
115440123456
115490123456
100009
142-000003
071-000539
071-000540
071-000908
071-000821
071-000696
303
317
331
345
216
218
227
237
246
256
275
292
300
306
314
320
328
334
342
351
357
1090
1091
1092
1093
1094
1095
1096
1097
1098
1099
1100
1101
1102
1103
1104
1105
1142
1143
1144
1145
1147
1148
1150
1151
1152
1153
1154
1155
1156
1157
3863
3864
029-000079
8611
8612
8613
8614
8616
8617
8618
8619
8620
8621
8622
8623
8624
8625
8626
8627
8628
8629
8630
8631
8632
8634
8635
8636
8637
029-000026
029-000025
1194
1195
1196
1197
1787
1788
3076
3080
3083
027-000002
027-000003
027-000007
027-000008
027-000009
027-000013
027-000014
027-000019
027-000044
027-000021
027-000041
119-000916
064-000021
027-000042
099-000013
071-000758
11621012356
116220123456
116240123456
116230123456
1110092119057
1110092119058
1110092119059
1110092119061
1110092119062
1110092120000
3166
104650123456
104620123456
105680123456
3171
9990002452882
486
487
488
489
491
492
001-000041
001-000011
001-000014
001-000056
001-000057
001-000055
142-000002
3172
3173
071-000042
044-000022
049-000011
049-000044
058-000012
058-000011
058-000013
019-000018
199-000027
071-000043
071-000876
071-000781
071-000784
120-000038
120-000039
119-000807
071-000652
071-000648
071-000651
071-000650
064-000037
072-000016
071-000689
071-000699
071-000827
134990123456
134950123456
134930123456
135000123456
134970123456
134980123456
134940123456
134960123456
1729
1730
1731
9990002452897
9990002452898
9990002452899
501560123456
134820123456
134810123456
132890123456
132880123456
134800123456
055-000230
119-000932
099-000020
071-000760
119-000728
119-000726
119-000727
139
140
141
142
143
144
145
146
124510123456
8267
8268
8269
8270
8272
8273
8274
8275
8276
8277
8278
8279
8280
8281
8282
8283
8284
8285
8286
8287
8288
8289
8291
8292
8293
8294
8295
029-000023
029-000024
029-000078
009-000054
064-000025
071-000698
8729
8735
750
756
763
770
777
1302
1307
1322
1327
1332
1337
1342
1347
8711
8717
8723
8741
8747
8753
8759
8641
8642
8643
8644
8646
8647
8648
8649
8650
8651
8652
8653
8654
8655
8656
8657
8658
8659
8660
8661
8662
8663
8665
8666
8667
8668
669
675
681
687
694
701
708
714
720
726
738
1234
1235
1236
1237
1709
1710
1711
1789
1790
147
148
149
150
151
152
153
154
104130123456
072-000020
029-000072
029-000071
011-000030
011-000031
011-000029
011-000028
099-000005
071-000826
071-000761
9000
9990002452933
9990002452934
9990002452935
064-000017
064-000018
064-000022
064-000019
064-000020
064-000029
064-000030
1110092220031
1110092220027
1110092220005
1110092220004
1110092220001
1110092220025
1110092220024
1110092220026
1110092220029
1110092220030
13007
13008
13009
13010
13011
13012
13013
1110092120005
1110092120004
1110092120003
1110092120002
1110092120001
1110092120006
1110092120007
1110092120008
1110092120014
1110092120013
075-000014
075-000015
075-000012
075-000013
071-000850
075-000011
071-000573
009-000065
009-000064
087-000006
044-000013
009-000073
019-000005
071-000899
071-000901
009-000038
116-000038
071-000848
071-000847
071-000849
071-000851
071-000541
071-000543
116-000032
071-000574
071-000575
029-000055
029-000053
029-000054
029-000056
069-000038
069-000021
072-000017
011-000027
123-000038
099-000007
099-000014
071-000600
071-000868
119-000750
9460
9461
9462
9463
9464
78
79
80
81
82
83
84
85
86
87
88
9990002452918
9990002452919
9990002452920
9990002452921
9990002452922
9990002452923
9990002452924
9990002452925
9990002452926
9990002452927
9990002452928
9990002452929
9990002452930
9990002452931
9990002452932
1114086119054
1114086119045
1113092120005
1113092120006
1113092120008
1113092120007
3091
3092
3094
3095
124010123456
142-000001
029-000077
058-000017
058-000019
058-000018
056-000041
071-000703
071-000708
071-000709
071-000706
071-000707
071-000762
071-000828
071-000006
818
3042
3043
3044
3068
3072
1133030118052
105670123456
104370123456
322040123456
322030123456
322050123456
322060123456
104380123456
250870123456
250860123456
250890123456
25088123456
250830123456
250820123456
250850123456
262010123456
1050
1051
1052
1053
1054
1055
1056
1057
1058
1059
1060
1061
1062
1063
1064
1065
1158
1159
1160
1161
1162
1163
1164
1165
1166
1167
1168
1169
1170
1171
1172
1173
2222222222
2222222226
2222222230
124560123456
124550123456
019-000037
9990002452883
9990002452884
9990002452885
9990002452886
9990002452887
9990002452888
9990002452889
9990002452890
9990002452891
9990002452892
9990002452893
9990002452894
9990002452895
9990002452896
819
075-000002
075-000003
075-000001
120-000042
029-000057
058-000014
058-000015
058-000016
019-000035
029-000064
029-000060
069-000018
099-000002
071-000711
071-000710
071-000713
071-000712
3098
3099
501520123456
501540123456
751
757
764
771
778
9017
071-000829
1354
1355
1356
1358
1360
1361
1365
1369
1370
1371
670
676
682
688
695
702
709
715
721
727
739
820
821
027-000010
027-000011
055-000227
119-000934
119-000936
027-000039
027-000036
120-000044
120-000040
071-000714
105810123456
105790123456
105850123456
105830123456
105750123456
172600123456
3825
3826
3827
9005
23
24
25
26
27
28
29
30
31
32
33
1214
1215
1216
1217
1793
1794
3071
3075
3079
3865
3866
199-000046
105420123456
105400123456
105320123456
105340123456
105380123456
075-000009
075-000008
075-000010
075-000007
058-000004
055-000236
044-000027
044-000025
043-000073
049-000012
049-000025
009-000072
044-000015
029-000004
029-000003
029-000005
123-000123
071-000902
119-000931
009-000037
039-000064
071-000545
120-000041
064-000023
064-000024
064-000026
064-000033
064-000027
064-000028
064-000032
064-000036
055-000204
055-000205
071-000151
120-000027
120-000028
120-000029
120-000030
071-000833
120-000043
209
239
249
293
307
321
335
1178
1179
1180
1181
1182
1183
1184
1185
1186
1187
1188
1189
1190
1191
1192
1193
071-000656
1114086119056
1114086119060
121213
1111111111111
1222222222222
9990002452864
3077
3081
106350123456
106360123456
106370123456
106380123456
125090123456
1251001123456
164440123456
752
758
765
772
779
071-000728
071-000577
001-000037
001-000034
001-000035
001-000053
001-000052
029-000080
9007
9009
9011
2034
2040
2046
8712
8718
8724
8730
8736
8742
8748
8754
8760
1106
1107
1108
1109
1110
1111
1112
1113
1114
1115
1116
1117
1118
1119
1120
1121
105970123456
124800123456
125020123456
106050123456
105990123456
105960123456
106070123456
106010123456
106030123456
105930123456
055-000334
058-000002
058-000001
058-000003
071-000032
072-000004
072-000005
039-000088
055-000013
071-000567
071-000566
029-000022
042-000002
009-000071
119-000908
071-000836
071-000838
199-000028
029-000067
029-000066
029-000068
056-000065
199-000014
199-000045
199-000009
055-000237
071-000178
119-000980
119-000979
119-000978
039-000052
071-000074
071-000880
120-000049
097-000002
097-000001
071-000717
071-000910
071-000869
071-000835
071-000834
1308
1313
1318
1323
1328
1333
1338
1343
1348
5555555
5555556
5555557
5555558
671
677
683
689
696
703
710
716
722
728
740
1278
1279
1280
1281
1282
1283
1284
1795
1796
1303
9510
9514
9515
3078
3082
1720
1721
1722
9990002452879
9990002452880
9990002452881
3225
3226
3227
3228
3229
3230
3231
3232
3233
3234
3235
3236
3237
211
241
251
295
302
309
316
323
330
337
344
1219
1220
1221
1222
1223
1224
1225
1226
1227
1228
1229
1230
1231
1232
1233
1238
1239
1240
1241
1242
1243
1244
1245
1246
1261
9990002452915
9990002452916
9990002452917
199-000048
3016
3017
3018
3019
3020
3021
3022
3023
3024
3025
3026
1110092120012
1110092219031
1110092219034
1110092219030
3700
3701
3702
3703
3704
3705
τεστ
072-000021
056-000016
027-000037
027-000023
027-000022
071-000720
67
68
69
70
71
72
73
74
75
76
77
125190123456
125150123456
125140123456
125160123456
125170123456
125180123456
9516
9517
9518
9519
9520
9521
9522
9523
9524
9525
9526
89
90
91
92
93
94
95
96
97
98
99
9990002452900
9990002452901
9990002452902
9990002452903
9990002452904
9990002452905
9990002452906
9990002452907
9990002452908
9990002452909
9990002452910
9990002452911
9990002452912
9990002452913
9990002452914
119-000846
069-000046
069-000045
8063
8064
8065
8066
8068
8069
8070
8071
8072
8073
8074
8075
8076
8077
8078
8079
8080
8081
8082
8083
8084
8085
8087
8088
8089
8090
8091
3002
3003
3004
3005
3006
3007
3008
1285
1286
1287
1514
1515
1516
1517
199-000043
199-000006
071-000911
105570123456
105580123456
123-000041
123-000105
006-000007
006-000009
006-000008
071-000080
071-000591
119-000987
119-000986
304
318
332
346
1250
1252
1253
1255
1256
1257
1258
1259
1260
099-000001
8713
8719
8725
8731
8737
8743
8749
8755
8761
9006
9990002452865
9990002452866
9990002452867
9990002452868
9990002452869
9990002452870
9990002452871
9990002452872
9990002452873
9990002452874
9990002452875
9990002452876
9990002452877
9990002452878
1732
1733
1734
322080123456
322070123456
322090123456
322100123456
90270123456
90260123456
172800123456
173130123456
172780123456
172770123456
172760123456
173080123456
173100123456
173110123456
173120123456
173140123456
172730123456
172740123456
173150123456
172720123456
9008
9010
9012
2035
2041
2047
027-000016
027-000018
027-000043
199-000025
3818
029-000081
105600123456
044-000018
1198
1199
1200
1201
1202
1203
1204
1205
1206
1207
1208
1209
1210
1211
1212
1213
1110092120009
1110092120010
1110092120011
1110092219033
1110092119043
1110092219032
1112030219002
1112030219001
1110092220039
1110092220035
1110092220013
1110092220012
1110092220009
1110092220033
1110092220032
1110092220034
1110092220037
1110092220038
1112092220018
1112092220016
1112092220006
1112092220020
1112092220001
1112092220002
1112092220005
1112092220003
1110092220056
1110092220054
1110092220058
1110092220010
1110092220011
1110092220055
1110092219019
1110092219018
1110092220059
1110092220057
071-000547
071-000548
119-000969
069-000032
069-000031
123-000055
072-000011
072-000009
072-000008
071-000925
071-000924
056-000049
055-000239
123-000056
119-001061
119-001062
119-001060
087-000005
049-000003
049-000002
071-000853
119-000974
119-000899
055-000247
055-000243
055-000244
071-000059
071-000718
071-000719
071-000722
049-000045
124930123456
3102
3103
3104
3105
072-000023
072-000022
163510123456
262080123456
26207012456
262100123456
262090123456
262000123456
261990123456
262020123456
250840123456
043-000099
8205
8207
8208
8209
8210
8211
8212
8213
8214
8215
8216
8217
8218
8219
8220
8221
8222
8223
8225
8226
8227
8228
8229
8232
8233
8234
8235
56
57
58
59
60
61
62
63
64
65
66
1735
1736
1737
322000123456
321990123456
104390123456
104330123456
104290123456
105270123456
006-000021
009-000059
8714
8720
8726
8732
8738
8744
8750
8756
8762
13022
1111086219003
043-000087
1262
1263
1264
1265
1266
1267
1268
1269
1270
1271
1272
1273
1274
1275
1276
1277
199-000049
099-000006
197
199
201
203
206
123-000042
071-000553
055-000034
119-000963
123-000116
049-000014
069-000040
069-000039
071-000552
071-000554
042-000006
042-000007
123-000090
029-000090
097-000003
097-000004
123-000113
123-000071
3069
3073
055-000129
1769090115010
1769090115034
1769090115022
1769090117014
145160123456
145150123456
1769090117022
027-000026
027-000038
027-000035
124230123456
124300123456
8032
8033
8034
8035
8037
8038
8039
8040
8041
8042
8043
8044
8045
8046
8047
8048
8049
8050
8051
8052
8053
8054
8056
8057
8058
8059
8060
700022
200-000165
200-000167
200-000164
055-000260
055-000189
1110092220047
1110092220043
1110092220021
1110092220020
1110092220017
1110092220041
1110092220040
1110092220042
1110092220045
1110092220046
3219
3220
3221
121212
055-000194
055-000195
123-000111
123-000126
069-000034
069-000033
120-000024
120-000020
055-000022
071-000123
071-000900
009-000041
039-000002
069-000019
009-000040
123-000033
123-000087
009-000069
099-000028
068-000006
071-000881
071-000885
068-000002
029-000086
029-000087
071-000136
071-000444
009-000060
9511
9513
3209
3210
3211
145050123456
3213
3215
3217
3218
34
35
36
37
38
39
40
41
42
43
44
120-000014
055-000017
120-000004
1723
1724
1725
1111086219032
1111086219029
1111086219030
1111086219028
1111086219027
1111086219031
3200
3800
3070
3074
043-000088
164020123456
3822
164190123456
164510123456
164170123456
164160123456
164150123456
164470123456
164490123456
164500123456
164450123456
164130123456
164140123456
164520123456
164120123456
055-000251
119-001052
119-001055
119-001056
055-000135
039-000091
071-000578
120-000045
069-000013
055-000192
055-000188
123-000093
055-000197
123-000043
071-000789
055-000042
055-000041
123-000059
071-000555
071-000556
120-000011
081-000080
096-000006
071-000601
3045
3046
3047
1288
1289
1290
120-000022
120-000006
071-000009
071-000895
039-000097
049-000006
049-000005
049-000004
119-001045
199-000055
120-000032
039-000096
123-000091
029-000088
071-000840
123-000053
8236
8237
8238
8239
8241
8242
8243
8244
8245
8246
8247
8248
8249
8250
8251
8252
8253
8254
8255
8256
8257
8258
8260
8261
8262
8263
8264
143200123456
3223
1738
1739
1740
039-000093
1113086216012
321950123456
321980123456
60110123456
60060123456
60080123456
60130123456
60140123456
60120123456
2036
2042
2048
45
46
47
48
49
50
51
52
53
54
55
119-000047
163930123456
163720123456
205
198
202
9527
9528
9529
9530
9531
9532
9533
9534
9535
9536
1291
1292
1293
071-000004
071-000898
3224
119-001003
069-000036
069-000035
069-000014
123-000089
123-000094
044-000017
071-000800
071-000882
055-000315
066-000004
123-000063
055-000261
123-000131
071-000122
071-000915
058-000010
123-000114
104560123456
3202
071-000735
071-000736
110009
110010
123-000001
123-000002
123-000006
075-000005
075-000006
120-000009
120-000026
120-000031
055-000268
123-000117
071-000110
071-000619
123-000013
006-000012
006-000014
006-000013
123-000049
123-000034
123-000088
080-000006
080-000005
075-000004
120-000019
120-000017
055-000336
055-000339
097-000005
094-000017
094-000021
1113090219016
1113090219018
200
204
207
1312
055-000264
124470123456
120-000033
120-000008
055-000218
071-000914
199-000018
081-000006
071-000857
071-000856
069-000015
120-000051
071-000855
050-000002
050-000003
050-000004
050-000005
050-000014
050-000016
050-000017
050-000015
043-000082
043-000085
071-000497
071-000603
071-000742
043-000092
043-000101
110007
110008
110006
1113086216003
3052
3055
3056
3059
3060
3063
3064
3067
049-000023
120-000007
071-000907
071-000119
071-000883
120-000021
119-000635
055-000317
123-000118
071-000037
071-000859
071-000858
123-000120
071-000103
071-000063
123-000106
055-000283
011-000035
011-000037
094-000018
094-000022
055-000322
3027
3028
3029
3030
3031
3032
3033
3034
3035
3036
3037
1110030119004
1110030119022
1110030119012
1110030119007
1110030119006
1110030119003
1110030119005
1110030119020
1110030119026
1110030120000
1112030120000
1112030119004
3009
3010
3011
3012
3013
3014
3015
1769090117015
1769090117023
1769090117021
120-000010
071-000884
119-000838
119-000837
119-000806
019-000054
071-000920
029-000083
094-000019
094-000023
105620123456
105640123456
105630123456
087-000003
163890123456
3820
081-000061
027-000046
027-000045
120-000002
100-000004
055-000338
3515
3516
3517
081-000005
071-000165
071-000904
071-000905
006-000020
049-000009
049-000008
049-000007
071-000077
071-000890
055-000335
094-000020
094-000024
200-000168
200-000171
200-000169
120-000001
039-000102
071-000878
119-001042
123-000124
055-000320
071-000877
120-000018
055-000329
120-000005
123-000128
071-000923
071-000922
071-000861
071-000860
142-000005
123-000115
043-000079
071-000608
1179091119001
1179091119000
069-000042
069-000041
039-000098
119-001059
119-001057
119-001047
071-000620
119-001063
123-000101
055-000265
081-000001
029-000085
029-000084
087-000004
3053
3057
3061
3065
105-000004
105-000003
071-000069
071-000909
039-000074
039-000108
100-000001
081-000034
081-000079
055-000323
029-000089
029-000091
093-000010
262040123456
262030123456
262060123456
26205123456
261960123456
261950123456
261980123456
261970123456
123-000003
081-000024
071-000072
123-000112
123-000036
087-000002
055-000280
071-000610
3054
3058
3062
3066
089-000007
1179091119003
1179091119002
1179091119008
123-000127
081-000011
071-000007
081-000022
069-000044
049-000034
049-000032
055-000215
043-000077
071-000171
200-000175
055-000036
081-000062
044-000020
039-000099
039-000075
039-000076
079-000018
079-000017
055-000286
055-000287
071-000098
119-001044
119-001043
120-000003
089-000006
110004
110005
123-000125
081-000003
123-000130
046-000009
119-000693
1111086218037
1111086219054
1111086219057
1111086219056
1111086219055
081-000059
120-000025
071-000794
081-000063
055-000324
123-000102
123-000104
123-000107
069-000020
069-000022
049-000036
123-000121
123-000058
123-000057
082-000009
082-000022
120-000015
029-000082
096-000003
071-000560
091-000002
091-000003
044-000021
089-000002
039-000100
071-000891
089-000008
011-000033
071-000084
055-000325
007-000020
006-000004
006-000006
081-000032
071-000096
071-000140
071-000173
044-000019
044-000016
100-000005
071-000928
011-000032
011-000036
089-000018
043-000096
121217
100-000006
119-000684
119-000664
089-000001
071-000896
200-000178
200-000181
055-000327
082-000017
119-001010
071-000864
071-000863
043-000080
055-000326
079-000016
079-000014
079-000015
002-000010
080-000015
079-000010
079-000011
079-000009
100-000002
071-000793
071-000586
200-000176
200-000179
200-000213
200-000214
200-000215
094-000012
100-000003
123-000045
081-000081
069-000011
055-000296
093-000005
094-000006
094-000003
039-000109
080-000014
080-000019
080-000017
079-000006
079-000005
096-000008
200-000184
200-000187
110001
110002
110003
1169090218019
1169090218018
089-000003
094-000009
094-000010
094-000013
094-000014
081-000020
081-000002
123-000096
093-000006
200-000182
200-000185
069-000027
069-000029
081-000030
089-000016
079-000001
200-000177
200-000180
071-000039
069-000016
120-000016
011-000022
081-000064
081-000082
082-000005
082-000013
071-000912
071-000109
071-000161
044-000012
123-000122
044-000011
082-000004
081-000035
049-000039
079-000003
079-000004
079-000013
079-000012
123-000062
071-000100
082-000010
082-000015
2055
1169090218028
1169090219006
1169090219007
200-000183
200-000186
200-000190
121215
200-000188
089-000011
089-000017
094-000015
094-000016
039-000077
081-000078
069-000010
035-000012
071-000162
055-000330
121216
048-000023
006-000016
006-000017
006-000003
084-000007
081-000047
082-000014
200-000189
087-000001
071-000170
071-000167
081-000008
2054
2052
2053
094-000007
094-000008
089-000012
071-000593
039-000107
071-000172
123-000119
093-000007
071-000155
071-000590
074-000003
074-000001
093-000004
084-000006
049-000043
049-000041
049-000042
043-000071
043-000070
123-000047
AN21
081-000031
071-000159
071-000158
043-000056
043-000056
071-000866
071-000865
043-000049
121214
069-000017
123-000135
100-000009
200-000204
200-000205
200-000206
1169090218029
1169090219013
200-000174
200-000173
200-000172
048-000004
071-000101
039-000078
039-000110
105-000002
105-000001
100-000010
081-000045
043-000068
043-000069
043-000067
089-000019
200-000117
200-000115
071-000081
071-000082
089-000020
200-000116
200-000119
039-000080
081-000049
081-000050
100-000011
082-000003
082-000018
082-000019
082-000020
100-000012
043-000097
077-000003
081-000054
081-000051
081-000052
081-000058
098-000014
098-000019
24015
8628358
1114086219009
1114086219008
1114086219006
1114086219007
1114086219019
1114086219018
1114086219021
1114086219020
1114030120000
1114030120001
1114030120002
1114030120006
1114030120007
1114030120008
1114030120009
1114086119035
1114086119037
1114086119041
1114086219001
1114086119053
1114086119055
1114086119050
1133030120044
1133086217018
1133086217017
1133086217016
1116086217004
1133086217025
1133086217024
1133086217026
1133086217027
1116086217006
1133086217000
1133086217001
1133086217002
1116086217000
1133086217032
1133086217033
1133086217034
1116086217008
1133086217004
1133086217005
1133086217006
1116086217001
1133086217028
1133086217029
1133086217030
1133086217021
1133086217022
1116086217005
1133086217008
1133086217009
1133086217010
1133086217011
1116086217002
1114086219014
1114086219015
1114086219012
1114086219011
1114086219010
1304
1309
1314
1317
1319
1324
1329
1334
1339
1344
1349
1122090214010
1122090214007
1122090214009
1122090214006
1122090214008
1122090120004
1122090120007
1122090120005
1122090120006
1122090120010
1122090120009
1122090120008
1122090120011
1122090219037
1122090219036
1122090219034
1122090219033
1122090219032
1122090118031
1122090118032
1122090217010
1122090217008
1122090217009
1122030219016
1122090120001
1122090120003
1122090120000
1122090120002
1131090214005
1131090214004
1131090214002
1131090214001
1131090214006
1131090214007
1131090214009
1131090214010
1131090215000
1131090215002
1131090215001
1131090215003
1131090215004
1131090215005
1131090217000
1131090217001
1131090217002
1131090217003
1131090217004
1131090217005
1131090217006
1131090217007
1131092110007
1131092110008
1131092110015
1131092110017
1131092110025
1131092110026
1131092115002
1131092115004
1131092116001
1131092116010
1131092119001
1131092119003
1131092119004
1131092216006
1131092216008
1131090114003
1131090114004
1131090117000
1131090117001
1131090117002
1131090117003
1131090117004
1131090117005
1131090117006
1131090212000
1131090212002
1131090212021
1131090212001
1131090212006
1131090212007
1131090212008
1131090212023
1131090212009
1131090212010
1131090212024
1131090212011
1131090212012
1131090212013
1131090212014
1131090212015
1131090212016
1131090212017
1131090212027
1115030116001
1115030116000
1115030116003
1115086110000
1115086213000
1115086213002
1119086119003
1119086119004
1119086119011
1119086119012
1
2
3
4
5
6
7
8
9
10
11
1110092118032
1110092118033
1110092219001
1110092219002
1110092219003
1110092219004
1161092118000
1161092118001
1161092219000
1161092118002
1131092118001
1131092118002
1131092219005
1131092219006
1122092118000
1122092219000
1122092219045
1122092219044
1122092219046
190016
1164086215004
1164086111001
1164086215007
1164086215008
1118086212001
190014
219
220
221
222
229
230
231
232
401
402
1130030119015
1130030119013
1130030119016
1130090119000
1130090119001
1128086119001
1128030218001
1113351120001
1113351120003
1113351120002
1113351120000
1113351120005
1127091218013
1127091218004
1127091218016
1127091218007
1127091218012
1127091218014
1127091218030
1127091218031
1127091218019
1127091218034
1127091218020
1127091216002
1127091216005
787
788
789
790
791
792
793
794
833
834
835
836
1139091118089
1139091118091
1139091118093
1139091118095
1139091118090
1139091118092
1139091118094
1139091118097
1139091118099
1139091118101
1139091118098
1139091118100
1139091118102
1139091118081
1139091118085
1139091118087
1139091118084
1139091118086
1139091118088
1139091118109
1139091118110
1139091118111
1139091118112
1139091118107
1139091118108
1139091118105
1139091118106
1139091118104
1769090216001
1769090115005
1769090115007
1769090115015
1769090115019
1769090115025
1769090115029
1769090115001
1769090115003
1769090115017
921
1769090115016
1769090115014
1769090115028
1769090115000
1769090115004
1769090115036
1769090115020
1769090115021
1769090115038
1769090115024
1769090216003
1769090216002
1769090216000
1769090115006
1001
1002
1003
1004
1005
1006
1007
1008
1009
1010
1011
1012
1013
1014
1015
1016
1500
1501
1502
1503
1504
1505
1506
1507
1508
1509
1510
1511
1512
1513
1710030216000
1710092119001
1710092119008
1710030215015
1710092119004
1710092119007
1710092119010
1710092119003
1710092119000
1710092119009
1710030216001
1710092119005
1710092119002
1710030215003
1714030120002
1714030119005
1714030117001
1714030120000
1714030119004
1714030120006
1714030120005
1714030120004
1714030119003
1710030118000
1710030215006
1710030217004
1710030215011
1710030215008
1710030215007
1713090215008
1713090215005
1713090217002
1713090217001
1713090215004
1713090215006
1713090217004
1713090217003
1713090215000
1700
1701
1702
1113092219003
1113092219002
1113092219001
1113092219000
1761
1762
1764
1765
1767
1768
1770
1771
1773
1774
1776
1777
1779
1780
1750
1751
1752
1753
1754
1755
1756
1757
1758
1759
1797
1798
1799
1800
1801
1802
1803
1804
1805
1806
1807
1808
1810
1811
1812
1813
1814
1815
1816
1817
1818
1819
1820
1821
1822
1823
1824
1825
1826
1827
1828
1829
1830
1831
1832
1833
1834
1835
1836
1837
1838
1839
1840
1841
1842
1843
1844
1845
1846
1847
1722090118000
1722090217004
1722090215006
1722090217002
1722090217003
1722090215004
1722090215001
1722090215008
1722090215000
1731090118000
1731090217002
1731090217003
1731090215008
1731090215000
1719030120009
1719030120002
1719030120003
1719030120001
1719030120004
1719030120005
1719030116026
1719030120008
1719030116021
1719030116000
1719030219049
1719030219050
1719030219048
1719030116020
2037
2043
2049
1111086219026
1111086219022
283210123456
283200123456
283190123456
3606
3607
3608
3609
3610
3611
1113034119009
1113034119005
1113034119006
1113034119007
1113086218006
1113086218007
1113086219005
1113086118008
1113086118009
1113086118011
1113086118007
1113086118002
1113086118003
1113086118005
1113086118001
1113086118000
1113086118004
1128086120002
1128086120000
1128086120003
1128086120001
1128086120004
1128086120005
1719030120036
1719030120033
1719030120021
1719030120018
1719030120015
1719030120012
1719030120024
1719030120035
1719030120020
1719030120017
1719030120014
1719030120011
1719030120023
1111086219039
1111086219037
1111086219038
1111086219036
1111086219035
1111086219034
1111086219012
1111086219009
1111086219014
1111086219008
1111086218038
1113086220012
1113086220009
1113086220008
1113086220010
1113086220007
1113086220011
1113086220013
1113086220005
1113086220002
1113086220001
1113086220003
1113086220000
1113086220004
1113086220006
1116086220012
1116086220009
1116086220008
1116086220010
1116086220007
1116086220011
1116086220013
1133086220005
1133086220000
1133086220002
1133086220006
1133086220003
1133086220001
1111086220019
1111086220021
1111086220023
1111086220020
1111086220025
1111086220024
1111086220022
1111086220012
1111086220014
1111086220016
1111086220013
1111086220018
1111086220017
1131090212004
1131090212005
1131090212022
1131090212003
1769090117012
1110092119010
1110092119012
1110092119013
1110092119014
1110092119015
1110092119016
1110092119019
1110092120030
1110092120039
1110092219038
1110092219039
1110092119000
1110092119002
1110092119003
1110092119004
1110092119005
1110092119009
1110092219036
1110092219037
1110092120029
1112092219029
1112092219030
1112030219025
1112030219026
1112092219031
1112092120000
1112092120003
1112092219026
1117092119000
1117092119002
1117092119003
1117092119004
1117092119005
1117092119009
1117092120001
1117092120002
1117092219002
1117092219003
1122090220000
1122090220001
1122090220002
1122090220003
1122090220004
1122090220005
1122090220006
1122090220007
1113090219003
1113034119000
1113090219001
1113090219004
1113034119010
1113034119004
1133030120000
1133030120009
1133030120018
1133030120027
1133030120003
1133030120012
1133030120021
1133030120030
1133030120002
1133030120011
1133030120020
1133030120029
1133030120040
1133030120046
1133030120052
1133030120058
1133030120057
1133030120037
1133030120042
1133030120049
1133030120055
1133030120036
1133030120048
1133030120054
1133030120001
1133030120010
1133030120019
1133030120028
1137086117006
1137086117008
200000000
200000001
200000002
200000003
200000004
200000005
200000006
1113034220012
1113034220011
1113034220008
1113034119012
1113034119011
FD-KMD711
ΒΖ4234
0
1.55
1.55
1.55
1.55
1.55
1.55
1.55
1.55
1.55
1.55
1.55
1.55
1.55
1.95
1.95
1.95
1.95
1.95
1.95
1.95
2
2
2
2
2
2
2
2
2
3.3
3.3
3.3
3.3
3.3
3.3
3.3
3.3
4.5
4.5
4.5
4.5
4.5
4.5
4.9
4.9
4.9
4.9
4.9
4.9
4.9
4.9
4.9
4.9
4.9
4.9
4.9
4.9
4.9
4.9
4.9
4.9
4.9
4.9
4.9
4.9
4.9
4.9
4.9
4.9
4.9
5.25
5.25
5.25
5.25
5.25
5.25
5.25
5.25
5.25
5.25
5.25
5.25
5.25
6.5
6.5
6.5
6.5
6.5
6.5
5.5
5.9
5.9
5.9
5.9
5.9
5.9
5.9
5.9
5.9
5.9
5.9
5.9
5.9
5.9
5.9
5.9
5.9
5.9
5.9
5.9
5.9
5.9
5.9
5.9
5.9
5.9
6.2
6.2
6.2
6.2
6.2
6.2
6.2
6.5
6.5
6.5
6.5
6.5
6.5
6.5
6.5
6.5
6.5
6.5
6.5
6.5
6.5
6.5
6.5
6.5
7.44
7.44
7.44
7.44
7.44
7.44
7
7.01
7.01
7.01
7.01
7.01
8.7
8.7
8.7
8.7
8.7
8.7
8.7
8.7
8.7
8.7
8.7
8.7
8.7
9
8
8
8
8
8
8
8
8
8.7
8.8
8.9
8.9
8.9
8.9
8.9
9.17
9.17
9.17
9.17
9
9
9
9
9
9.9
9.9
9.9
9.9
9.9
9.9
9.9
9.9
9.9
10
10
10
10
10
10
10
10
10
13.5
13.5
13.5
13.5
13.5
13.5
10.9
10.9
10.9
10.9
10.9
10.9
10.9
10.9
10.9
10.9
10.9
10.9
10.9
10.9
10.9
10.9
10.9
10.9
10.9
10.9
10.9
10.9
10.9
10.9
10.9
10.9
11.5
11.5
11.5
11.5
11.5
11.5
11.5
11.5
11.5
11.5
11.5
11.5
11.5
11.5
11.5
11.5
12.9
12.9
12.9
13
13
13
11.8
11.8
11.8
11.8
11.8
11.8
11.8
11.8
11.8
11.8
11.9
11.9
11.9
11.9
11.9
11.8
11.8
12.4
12.4
12.4
12.4
12.4
12.4
12.4
12.4
12.4
12.4
12.4
13.89
12.6
12.6
12.6
12.6
14.14
13.1
13.1
13.1
13.1
13.1
13.1
13.1
13.1
13.1
13.1
13.1
13.1
15.55
15.12
13.7
13.7
13.7
13.7
13.7
13.7
13.7
13.7
13.7
13.7
13.7
13.7
13.7
13.7
13.7
13.7
13.7
13.7
13.7
13.7
13.7
13.7
13.7
13.7
13.7
13.7
13.7
13
13
13
15.37
15.37
15.37
15.38
15.38
13.9
13.9
13.9
16
14.3
14.3
14.3
15.87
15.87
15.87
14.5
14.5
14.5
14.5
14.5
14.5
14.5
14.5
14.5
14.5
14.5
16.4
16.4
16.4
16.4
14.5
14.5
14.5
14.5
14.5
14.5
14.5
14.5
14.5
14.5
14.5
14.5
14.5
14.9
14.9
14.9
16.62
16.62
16.62
16.62
16.62
16.62
15.1
15
17.36
17.36
20
20
15.5
15.5
15.5
15.5
15.5
16.6
16.6
16.6
16.6
17.8
17.8
17.8
19.3
19.3
17.5
17.5
17.5
17.5
17.5
17.5
17.5
17.5
17.5
17.5
17.5
17.5
17.5
17.5
17.5
17.5
17.5
17.5
17.5
17.5
17.5
17.5
17.5
17.5
17.5
17.5
17.5
17.5
17.5
17.5
17.5
17.5
17.5
21
19.59
19.59
19.59
19.59
19
20
17
17.8
17.8
17.8
17.8
17.8
17.8
17.8
17.8
18
18.2
18.2
18.2
22
20.59
20.59
20.59
20.59
20.58
20.58
20.58
19.9
18.8
18.8
18.8
18.8
18.8
18.8
21
21
21
21
21
22
18.9
18.9
18.9
21.33
21.33
21.33
21.33
22.07
22.07
22.07
22.07
20
20
20
20
20
20
20
20
20
20
20
20
20
20
20
20
20
20
20
20
20
20
20
20
20
20
20
20
20
24
23
23
23
19
19
19
19
19
20.2
20.2
20.2
20.2
20.2
20.2
20.2
20.3
21
21
21
21
21
21
21
21
21
21
21
21
21
21
21
21
21
21
21
21
21
21
21
21
21
21
24
26
22.4
22.4
23
24.3
24.3
24.3
22
22
22
22
22
22
22
22
22
21
21
25
25
25
25
25
25
25
25
25
25
24
25
25
25
26
24
24
25
25
25
25
24
24
24
24
24
22.7
23
23
23
23
23
23
23
23
23
23
23
23
23
23
23
23
23
23
23
23
23
23
23
23.2
23.2
23.2
23.2
23.2
23.2
23.2
23.2
23.2
23.2
23.2
23.2
23.2
23.2
23.2
23.2
23.2
23.2
23.2
23.2
23.2
23.2
23.2
23.2
23.2
23.2
23.2
22
22
22
22
22
22
22
22
22
22
22
22
25
29
25
25
27
25
25
27
27
27
27
22.5
22.5
22.5
22.5
22.5
22.5
22.5
22.5
23.9
23.9
23.9
24
24
24
24
24
24
24
24
24
25.8
25.8
25.8
25.8
27
27
27
27
24.5
24.5
24.5
24.5
24.5
24.5
24.5
30
30
28
28
28
25
26.6
26.6
26.6
26.6
26.6
26.6
26.6
30
30
30
27
24
24
24
24
24
31
31
31
31
30
30
30
30
30
32
29
26
26
26
26
26
26
26
26
26
26
26
26
26
26
26
26
26
26
26
27
27
27
27
26
26
32
32
25
25
25
32
32
32
32
35
35
35
35
35
35
35
35
35
35
35
35
35
35
35
35
35
35
35
35
35
35
35
35
35
35
35
26.8
26.8
26.8
26.8
26.8
26.8
26.8
26.8
26.8
26.8
26.8
26.8
26.8
26.8
26.8
26.8
26.8
26.8
26.8
26.8
26.8
26.8
26.8
26.8
26.8
26.8
26.8
27
27
27
27
27
27
30
33
33
33
33
33
33
33
33
26
39
39
39
39
30.5
30.5
30.5
30.5
26
27.9
27.9
27.9
27.9
27.9
27.9
27.9
28
28
34
34
34
34
33
34
30
30
30
33
33
33
32
32
32
32
32
30
29
27
27
27
27
29.4
29.4
29.4
29.4
29.4
29.4
29.4
35
35
35
35
35
29
29
29
29
29
29
29
29
29
29
29
29
29
29
29
29
29
29
29
29
29
29
29
29
29
29
29.4
31
31
33
33
33
34
29.4
29.4
29.4
29.4
29.4
29.4
29.4
29.4
29.4
29.4
29.4
29.4
29.4
33
34
34
35
33
33
30
34
34
32
33
30
33
32
33
32
29.5
29.5
29.5
29.5
29.5
29.5
29.5
29.5
29.5
29.5
29.5
28
28
28
28
28
28
28
28
28
36
36
28
28
28
28
29.8
29.8
29.8
29.8
29.6
30.4
30.4
30.4
30.4
30.4
30.4
30.4
30.4
32.5
32.5
32.5
32.5
34
34
34
35
36
34
34
34
34
34
29
29
29
29
29
29
29
38
38
39
39
39
39
39
34
38
38
36
34
34
34
34
39
32.8
32.8
32.8
32.8
32.8
40
40
40
35
38
38
39
37
35
35
34
38
36
36
40
40
40
38
38
38
39
40
40
39
39
39
39
39
39
39
39
39
39
39
39
39
38
39
39
38
38
39
41
34.4
34.4
34.4
34.4
34.4
34.4
34.4
34.4
34.4
34.4
34.4
34.4
34.4
34.4
34.4
34.4
34.4
34.4
34.4
34.4
34.4
34.4
34.4
34.4
34.4
34.4
34.4
34.4
34.4
34.4
34.4
34.4
34.4
34.4
34.4
34.4
34.4
34.4
34.4
34.4
34.4
32.5
32.5
32.5
32.5
32.5
32.5
32.5
32.5
32.5
49
49
49
49
44
34.4
34.4
34.4
34.4
34.4
34.4
42
34.8
34.8
34.8
34.8
34.8
35
35
35
35
35
35
35
35
35
35
35
35
35
35
35
35
35
35
35
35
35
35
35
35
35
35
35
35
35
35
35
35
35
35
35
35
35
35
35
35
35
35
35
35
35
35
35
35
35
35
35
35
42
42
37.5
37.5
37.5
37.5
37.5
37.5
37.5
40
40
40
34
34
38.4
38.4
38.4
36.4
36.4
36.4
36.4
36.4
36.4
36.4
39
39
39
39
37
45
45
45
35
35
35
35
35
35
35
35
35
35
35
35
35
35
35
37.4
37.4
37.4
37.4
37.4
37.4
37.4
37.4
37.4
39
39
39
37
37
37
37
37
37
37
37
37
37
39
40
46
43
37.7
37.7
37.7
37.7
37.7
37.7
38
38
38
38
38
38
38
38
38
38
38
38
38
38
38
38
38
38
38
38
38
38
38
38
38
38
38
38
38
38
38
38
38
38
38
38
38
38
38
38
38
38
38
38
38
38
38
38
38
38
38
38
38
38
38
38
38
38
38
38
38
38
38
38
38
36
36
36
36
36
36
47
45
45
43.5
44
44
39
39
39
39
39
39
39
39
39
39
39
39
39
39
39
39
39
39
39
39
39
39
39
39
39
39
39
39
39
39
39
39
39
39
39
39
39
39
39
39
39
39
39
39
39
39
39
39
39
39
39
41.5
41.5
47.5
39.8
39.8
39.8
39.8
39.8
39.8
39.8
39.8
39.8
39.8
39.8
39.8
39.8
39.8
39.8
39.8
39.8
39.8
39.8
39.8
39.8
39.8
39.8
39.8
39.8
46
46
39.9
39.9
39.9
39.9
39.9
39.9
39.9
39.9
39.9
49.5
49.5
49.5
49.5
49.8
49.5
49.5
49.5
49.5
49.5
49.5
45
49
49.5
40
45
38
38
38
38
38
38
38
38
38
38
49
49
49
49
49
49
40.6
40.6
40.6
40.6
40.6
40.6
50
50
50
50
50
50
50
50
50
49
45
45
45
45
45
45
50
49
49
51
46
46
45
45
46
49
49
49
49
40
50
46
50
50
39
39
39
39
39
39
39
39
42
42
42
42
42
42
40
40
40
40
40
40
48
48
45
48
47
47
47
42.2
42.2
42.2
42.2
42.2
42.2
42.2
42.2
52
43.3
43.3
43.3
43.3
43.3
43.3
43.3
43.3
43.3
43.3
43.3
43.3
43.3
43.3
43.3
43.3
43.3
43.3
43.3
43.3
43.3
43.3
43.3
43.3
43.3
43.3
43.3
51
51
52.5
52
53
50
44
44
43.9
43.9
43.9
43.9
43.9
44
44
44
44
44
44
44
44
44
44
44
44
44
44
44
44
44
44
44
44
44
44
44
44
44
44
44
44
44
44
44
44
44
44
44
44
44
44
44
44
44
44
44
44
44
44
44
44
44
44
44
44
44
44
44
44
44
44
44
44
44
44.4
44.4
44.4
44.4
44.4
44.4
44.4
44.4
54
54
50
50
53
53
53
53
48
50
50
45
45
45
45
49
49
49
49
49
49
49
43
43
43
43
43
43
43
43
43
43
48.5
48.5
48.5
48.5
48.5
48.5
48.5
65
65
65
65
65
65
65
65
65
65
54
54
54
54
54
54
53
60
60
55
54
50
55
51
51
50
55
54
54
54
54
52
52
55
54
53
53.5
53.5
53.5
53.5
56
50
55
55
50
54
45
55
50
53
46
46
46
46
46
46
46
46
46
46
46
46
46
46
46
46
46
46
46
46
46
46
46
46
46
46
46
46
46
46
46
49
49
49
49
49
49
49
49
49
49
57
57
57
54
54
54
47
55
54
54
54
54
53
55
57
52.33
47.3
47.3
47.3
47.5
47.5
45
45
45
45
45
45
45
45
45
45
45
45
45
45
45
45
48
48
48
48
48
48
48
48
48
48
48
48
48
48
48
48
48
48
48
48
48
48
48
48
48
48
48
48
48
48
48
48
48
48
48
45.5
45.5
59
49
49
49
49
49
49
49
49
49
49
49
49
49
49
54.56
57
57
57
55
60
59
59
59
59
60
60
57
55
56
55
56
56
49.6
49.6
47
47
49.8
49.8
49.8
49.8
49.8
50
57
51
51
51
51
51
51
51
51
51
51
51
51
51
51
51
51
51
51
51
51
51
57.04
57.04
63
63
58
58
58
63
63
60
55
58
49
49
49
49
49
63
67
67
67
52
52
52
52
52
52
52
52
52
52
52
52
52.6
52.6
52.6
52.6
52.6
52.6
52.6
52.6
52.6
56
56
56
50
50
50
50
50
60
60
60
60
64
62
55
55
55
55
55
60
55
60
60
60
56
60
59
60
59
60
60
53
53
53
55
53
53
53
53
59
59
64
60
60
60
60
60
60
54.5
54.5
54.5
54.5
54.5
54.5
54.5
54.5
54.5
54.5
54.5
54.5
54.5
54.5
54.5
54.5
54.5
54.5
54.5
54.5
54.5
54.5
54.5
63
59
59
59
55.7
55.7
66
55.9
55.9
53
53
53
53
53
53
53
56.4
56.4
56.4
56.4
56.4
65
65
60
62
62
62
62
68
56.5
56.5
56.5
56.5
56.5
56.5
56.9
56.9
56.9
56.9
56.9
56.9
56.9
56.9
56.9
57
57
57
57
57
57
57
57
57
57
57
57
57
57
57
57
54
54
54
54
54
54
54
54
54
54
69
70
70
70
70
69
69
69
69
66
66
65
69
64
62
69
69
70
65
65
65
65
70
66
68
65
65
66
66
66
74
66
66
60
70
70
65
63.5
69
70
70
57.7
57
57
57
57.7
57
57
57
57
57.7
57.7
57.7
57.7
57.7
57.7
57.7
57.7
57.7
57.7
57.7
57.7
57.7
57.7
57.7
58
58
58
58
58
58
58
58
58
57
58.5
58.5
58.5
58.6
58.6
58.8
58.8
58.8
59
59
59
56
56
56
56
56
56
56
56
56
56
56
56
56
59.5
59.5
59.5
59.5
59.5
59.5
59.5
59.5
59.5
59.5
59.5
59.5
59.5
59.5
59.5
59.5
59.5
68.5
68.5
59.5
59.5
59.5
59.5
59.5
59.5
59.5
59.5
59.5
59.5
59.5
59.5
59.5
59.5
59.5
59.5
59.5
59.8
59.8
59.8
65
61
61
61
61
61
61
61
61
61
61
61
65
65
65
65
65
65
65
65
65
65
65
75
70
75
75
75
70
62
62
62
62
62
62
62
62
62
62
62
58
58
58
58
58
58
62
62
62
62
62
62
62
62
62
62
62
62
62
62
62
62
62
62
62
62
62
62
62
62
62
62
62
62
62
62
62
62
62
62
62
62
62
70
75
75
62.4
62.4
62.4
62.4
62.4
62.4
62.4
62.4
62.4
62.4
62.4
62.4
62.4
62.4
62.4
62.4
62.4
62.4
62.4
62.4
62.4
62.4
62.4
62.4
62.4
62.4
62.4
62.8
62.8
62.8
62.8
62.8
62.8
62.8
63.5
63.5
63.5
89.9
89.9
89.9
89.9
67
67.2
72
78
78
65
73
77
77
77
74
72
75
75
65.5
65.5
65.5
65.5
65.5
65.5
65.5
65.5
65.5
65.5
65.5
65.5
65.5
75
66
66
66
66
66
66
66
66
66
66
66
66
66
66
66
66
66
66
66
66
66
66
66
66
66.5
66.5
66.5
63
63
63
63
63
63
63
63
63
63
63
63
63
63
63
63
63
63
63
63
67
67
67
67
67
67
82.5
82.5
82.5
79
82
82
72
80
68.5
68.5
68.5
68.5
68.5
68.5
68.5
68.5
68.5
68.5
68.5
68.5
68.5
68.5
68.5
68.5
65
65
65
65
65
65
65
65
65
65
65
65
65
65
65
65
65
65
65
65
65
65
65
65
65
65
65
65
65
65
65
65
65
65
65
65
82
82
79
80
80
75
84
84
84
84
84
75
75
80
85
85
85
81
75
75
82
84
84
80
83
83
82
79
79
79
75
74
69.8
69.8
69.8
69.8
87
87
87
68
68
68
68
68
68
68
68
82
73
73
73
73
73
73
73
73
73
73
73
73
73
73
73
73
73
73
73
73
73
73
73
73
73
73
73
73
73
73
73
73
73
73
73
73
73
73
73
73
73
69
69
89
89
89
89
90
90
74.7
74.7
74.7
74.7
74.7
74.7
74.7
74.7
74.7
79.5
79.5
91
75
75
75
75
75
75
75
75
75
75
75
75
75
75
75
75
80
80
76
76
76
76
76
75
87
88
90
85
90
92
92
87
90
92
92
79
90
85
85
90
82
74.8
74.8
95
95
95
95
95
95
95
95
96
96
96
96
96
80
80
80
80
80
80
80
80
80
80
80
80
80
80
80
80
80
80
80
80
80
80
80
80
80
80
80
85
99
99
99
95
90.74
76
76
76
76
76
76
76
76
76
76
98
98
98
86
95
95
95
90
96
96
95
95
90
98
93
90
95
96
85
85
85
90
85
99
96
93
99
95
95
93
90
85
99
99
77
77
77
77
77
77
77
77
82
82
82
82
82
82
82
82
82
82
82
95
100
90
83.5
83.5
83.5
79
79
79
79
79
79
89
89
84
84
103
105
105
82
82
82
82
82
82
82
82
82
82
82
82
82
104
105
105
105
99
108
105
100
105
105
105
100
96
85
100
99
99
100
100
100
100
99
100
100
91.4
91.4
91.4
91.5
91.5
91.5
105
100
113
110
110
105
105
105
115
100
105
110
105
110
105
100
93
93
93
93
93
93
93
93
93
93
93
93
93
93
93
93
93
93
93
93
93
93
93
93
93
93
93
114
114
94
94
94
114
89
89
89
89
89
89
89
89
89
94.3
94.3
94.3
95
95
95
95
95
95
95
95
95
95
95
108
116
116
97
97
97
98
98
98
98
98
98
98
98
98
98
98
98
98
120
105
94
115
115
115
120
105
105
105
120
107
115
110
110
120
105
120
120
117
110
107
107
115
115
120
120
105
105
105
123
123
120
125
120
120
115
120
128
108
125
125
125
115
115
115
125
125
123
115
120
111
117
120
128
128
99
99
105
105
105
100
128
114
120
125
130
125
134
126
123
123
135
120
123
118
118
118
118
118
118
118
118
125
125
127
123
126
137.5
130
122
122
122
109
116
116
116
116
116
116
116
116
135
130
120
139
142.5
135
140
130
130
137
142
142
135
141
137
140
140
135
135
143
143
143
118
118
118
118
118
118
118
118
118
118
118
112
112
112
112
112
112
112
112
112
112
112
112
121.3
121.3
121.3
121.3
121.3
121.3
121.3
149
149
149
140
142.5
135
135
150
149
150
150
150
150
119
119
119
145
136
136
150
150
150
150
156
147
122
122
122
158
150
150
150
156
140
140
140
148
150
141
154
154
165
165
165
155
155
150
155
145
155
153
150
220
150
145
165
155
155
155
164
155
135
155
132
132
168
168
163
168
168
161
165
170
160
159
167
160
160
160
142
142
142
142
177
177
169
165
163
163
171
176
171
169
170
170
180
139
139
139
139
139
139
139
139
150
186
175
175
170
180
174
173
152
152
152
152
186
149
149
149
175
192
182
186
189
180
180
180
193
190
192
180
198
180
190
188
188
197
197
185
185
190
200
200
190
204
225
225
190
205
170
190
191
164
164
164
164
164
215
210
205
210
205
190
200
195
200
215
190
200
189
189
190
190
200
195
200
206
200
200
220
216
220
208.5
213
227
220
215
210
220
220
228
220
220
219
220
210
225
225
227
227
222
230
202
234
235
235
237
232
234
234
225
230
225
230
230
210
220
230
230
230
240
220
225
225
225
225
240
237
238
238
232
232
232
230
230
235
246
255
250
255
230
230
245
240
240
240
260
260
240
249
249
227
227
227
229
229
258
246
246
245
245
258
265
235
265
253
253
260
260
270
270
250
270
270
273
276
265
250
297
273
282
282
291
274
264
250
260
290
282
288
260
270
270
260
260
270
275
264
275
235
250
250
250
285
285
284
259
288
300
300
290
290
290
309
300
300
297
290
277
310
315
315
315
300
318
328
320
303
335
335
340
285
285
285
330
330
360
345
345
355
325
360
360
350
345
345
380
375
350
350
350
385
385
350
276
390
370
370
395
395
375
375
395
359
400
390
390
398
398
398
370
370
415
430
400
420
420
400
400
420
420
405
435
440
440
440
453
455
455
470
470
480
475
475
455
515
515
510
542
542
542
542
525
544
610
657
657
657
714
1350
1655
90
28
129
129
129
129
129
129
129
129
79
79
79
79
79
79
79
124
124
39
49
49
49
39
39
129
99
65
20
99
65
129
139
20
65
99
129
20
65
99
129
20
65
99
129
20
65
99
129
99
129
20
65
99
129
139
20
119
119
119
119
119
15
15
15
34.4
15
15
15
15
15
15
15
39
39
39
39
39
39
39
39
39
39
39
39
39
39
39
39
39
39
35
35
35
35
35
39
39
39
39
39
59
59
59
59
59
59
59
59
59
59
59
59
59
59
65
65
65
65
65
65
65
65
39
39
39
39
39
39
39
39
39
39
39
39
39
39
39
59
59
59
59
59
59
59
59
59
59
59
59
59
59
59
59
59
59
59
59
59
59
59
59
59
59
59
59
16
14
20
39
60
30
39
39
49
39
14
14
14
14
14
14
14
14
14
14
14
29
29
29
29
29
29
49
49
49
49
18
18
18
18
25
25
25
25
25
43
120
192
216
240
32
19
35
54.5
35
59.5
35
54.5
35
59.5
25
25
25
25
25
19
19
25
34
29.5
29.5
29.5
29.5
45
25
25
25
25
14
45
14
25
25
25
45
25
25
11
11
14.6
14.6
14.6
14.6
14.6
14.6
9.69
9.69
9.69
9.69
79
79
79
79
109
109
109
79
79
79
109
109
109
79
79
79
109
109
109
39
39
39
39
69
69
69
69
109
149
149
149
149
149
149
149
149
149
149
149
95
95
95
95
95
95
95
149
95
95
149
95
95
95
16.7
12.92
13.1
13.9
14
23.2
23.2
29.5
29.5
29.5
29.9
21.9
16.3
15
15
24.89
14.6
14.6
14.6
14.6
14.6
14.6
14.6
14.6
33.3
33.3
33.3
38.6
38.6
38.6
39.5
39.5
39.5
39.5
39.5
39.5
39.5
39.5
39.5
39.5
39.5
39.5
39.5
39.5
49.5
49.5
49.5
49.5
49.5
49.5
49.5
49.5
49.5
45
45
45
45
45
45
32
32
32
32
32
32
32
32
32
25
25
25
25
25
25
25
27.8
27.8
24.9
24.9
35.2
35.2
39.8
39.8
45.8
45.8
11.5
11.5
8.5
8.5
27.4
27.4
27.4
21.5
21.5
21.5
17.5
17.5
17.5
17.5
18.2
18.2
18.2
18.2
18.2
23.8
23.8
14.8
14.8
24.5
24.5
18.24
27.4
27.4
27.4
21.5
21.5
21.5
17.5
17.5
17.5
17.5
17.5
17.5
17.5
17.5
18.2
18.2
18.2
9.1
9.1
9.1
9.1
9.12
9.12
9.12
14.4
14.4
14.4
14.4
14.4
14.4
8.7
8.7
8.7
8.7
8.7
8.7
19.14
9.1
34
34
34
34
34
34
34
34
34
20
20
20
20
20
20
20
20
20
20
20
20
20
20
20
20
20
20
20
123.5
123.5
123.5
49
49
36
36
36
44.9
44.9
44.9
44.9
64.9
64.9
99
99
99
99
65
65
99
39
39
39
39
29
29
29
29
29
29
25
25
25
25
25
25
29
29
29
29
29
29
29
23
23
23
23
23
23
119
119
119
119
119
119
79.5
79.5
79.5
79.5
164
49
49
49
49
49
49
49
37
37
37
37
37
37
37
15
15
15
15
15
15
15
33
33
33
33
33
33
69
69
69
69
69
69
69
55
55
55
55
55
55
59
59
59
59
95
26
26
26
26
26
26
26
26
26
26
26
19
19
19
19
19
19
19
19
19
50
50
50
50
50
50
50
50
9.9
9.9
9.9
9.9
9.9
9.9
9.9
9.9
9.9
9.9
39
39
39
39
39
39
39
39
73
73
73
73
99
99
35
55
65
75
35
55
65
75
35
55
65
75
29
39
49
59
59
29
39
49
59
29
49
59
35
55
65
75
168
168
27.8
24.9
35.2
39.8
45.8
11.5
8.5
99
99
99
99
99
46
12
0
1.31
1.31
1.31
1.31
1.31
1.31
1.31
1.31
1.31
1.31
1.31
1.31
1.31
1.66
1.66
1.66
1.66
1.66
1.66
1.66
1.7
1.7
1.7
1.7
1.7
1.7
1.7
1.7
1.7
2.97
2.97
2.97
2.97
2.97
2.97
2.97
2.97
3.83
3.83
3.83
3.83
3.83
3.83
4.17
4.17
4.17
4.17
4.17
4.17
4.17
4.17
4.17
4.17
4.17
4.17
4.17
4.17
4.17
4.17
4.17
4.17
4.17
4.17
4.17
4.17
4.17
4.17
4.17
4.17
4.17
4.46
4.46
4.46
4.46
4.46
4.46
4.46
4.46
4.46
4.46
4.46
4.46
4.46
4.8
4.8
4.8
4.8
4.8
4.8
4.9
5.02
5.02
5.02
5.02
5.02
5.02
5.02
5.02
5.02
5.02
5.02
5.02
5.02
5.02
5.02
5.02
5.02
5.02
5.02
5.02
5.02
5.02
5.02
5.02
5.02
5.02
5.27
5.27
5.27
5.27
5.27
5.27
5.27
5.53
5.53
5.53
5.53
5.53
5.53
5.53
5.53
5.53
5.53
5.53
5.53
5.53
5.53
5.53
5.53
5.53
5.7
5.7
5.7
5.7
5.7
5.7
5.9
6.04
6.04
6.04
6.04
6.04
6.2
6.2
6.2
6.2
6.2
6.2
6.2
6.2
6.2
6.2
6.2
6.2
6.2
7
7.2
7.2
7.2
7.2
7.2
7.2
7.2
7.2
7.4
7.48
7.56
7.56
7.56
7.56
7.56
7.6
7.6
7.6
7.6
8.1
8.1
8.1
8.1
8.1
8.42
8.42
8.42
8.42
8.42
8.42
8.42
8.42
8.42
9
9
9
9
9
9
9
9
9
9.18
9.18
9.18
9.18
9.18
9.18
9.27
9.27
9.27
9.27
9.27
9.27
9.27
9.27
9.27
9.27
9.27
9.27
9.27
9.27
9.27
9.27
9.27
9.27
9.27
9.27
9.27
9.27
9.27
9.27
9.27
9.27
9.78
9.78
9.78
9.78
9.78
9.78
9.78
9.78
9.78
9.78
9.78
9.78
9.78
9.78
9.78
9.78
9.9
9.9
9.9
9.9
9.9
9.9
10.03
10.03
10.03
10.03
10.03
10.03
10.03
10.03
10.03
10.03
10.12
10.12
10.12
10.12
10.12
10.3
10.3
10.54
10.54
10.54
10.54
10.54
10.54
10.54
10.54
10.54
10.54
10.54
10.6
10.71
10.71
10.71
10.71
10.83
11.13
11.13
11.13
11.14
11.14
11.14
11.14
11.14
11.14
11.14
11.14
11.14
11.59
11.6
11.65
11.65
11.65
11.65
11.65
11.65
11.65
11.65
11.65
11.65
11.65
11.65
11.65
11.65
11.65
11.65
11.65
11.65
11.65
11.65
11.65
11.65
11.65
11.65
11.65
11.65
11.65
11.7
11.7
11.7
11.8
11.8
11.8
11.8
11.8
11.82
11.82
11.82
12
12.16
12.16
12.16
12.2
12.2
12.2
12.3
12.3
12.3
12.3
12.3
12.3
12.3
12.3
12.3
12.3
12.3
12.3
12.3
12.3
12.3
12.33
12.33
12.33
12.33
12.33
12.33
12.33
12.33
12.33
12.33
12.33
12.33
12.33
12.6
12.6
12.6
12.73
12.73
12.73
12.73
12.73
12.73
12.84
13
13.3
13.3
13.9
13.9
13.95
13.95
13.95
13.95
13.95
14.1
14.1
14.1
14.1
14.24
14.24
14.24
14.8
14.8
14.88
14.88
14.88
14.88
14.88
14.88
14.88
14.88
14.88
14.88
14.88
14.88
14.88
14.88
14.88
14.88
14.88
14.88
14.88
14.88
14.88
14.88
14.88
14.88
14.88
14.88
14.88
14.88
14.88
14.88
14.88
14.88
14.88
14.9
15
15
15
15
15
15
15
15.13
15.13
15.13
15.13
15.13
15.13
15.13
15.13
15.3
15.47
15.47
15.47
15.5
15.8
15.8
15.8
15.8
15.8
15.8
15.8
15.92
15.98
15.98
15.98
15.98
15.98
15.98
16
16
16
16
16
16
16.06
16.06
16.06
16.3
16.3
16.3
16.3
16.9
16.9
16.9
16.9
16.9
16.9
17
17
17
17
17
17
17
17
17
17
17
17
17
17
17
17
17
17
17
17
17
17
17
17
17
17
17
17
17
17
17
17.1
17.1
17.1
17.1
17.1
17.17
17.17
17.17
17.17
17.17
17.17
17.17
17.26
17.85
17.85
17.85
17.85
17.85
17.85
17.85
17.85
17.85
17.85
17.85
17.85
17.85
17.85
17.85
17.85
17.85
17.85
17.85
17.85
17.85
17.85
17.85
17.85
17.85
17.85
17.9
18
18
18
18
18.62
18.62
18.62
18.7
18.7
18.7
18.7
18.7
18.7
18.7
18.7
18.7
18.9
18.9
19
19
19
19
19
19
19
19
19
19
19
19
19
19
19
19
19
19
19.2
19.2
19.2
19.2
19.2
19.2
19.2
19.2
19.3
19.55
19.55
19.55
19.55
19.55
19.55
19.55
19.55
19.55
19.55
19.55
19.55
19.55
19.55
19.55
19.55
19.55
19.55
19.55
19.55
19.55
19.55
19.55
19.72
19.72
19.72
19.72
19.72
19.72
19.72
19.72
19.72
19.72
19.72
19.72
19.72
19.72
19.72
19.72
19.72
19.72
19.72
19.72
19.72
19.72
19.72
19.72
19.72
19.72
19.72
19.8
19.8
19.8
19.8
19.8
19.8
19.8
19.8
19.8
19.8
19.8
19.8
19.9
19.9
20
20
20
20
20
20
20
20
20
20.25
20.25
20.25
20.25
20.25
20.25
20.25
20.25
20.32
20.32
20.32
20.4
20.4
20.4
20.4
20.4
20.4
20.4
20.4
20.4
20.64
20.64
20.64
20.64
20.7
20.7
20.7
20.7
20.83
20.83
20.83
20.83
20.83
20.83
20.83
21
21
21
21
21
21.25
21.28
21.28
21.28
21.28
21.28
21.28
21.28
21.3
21.3
21.3
21.6
21.6
21.6
21.6
21.6
21.6
21.7
21.7
21.7
21.9
22
22
22
22
22
22
22
22.1
22.1
22.1
22.1
22.1
22.1
22.1
22.1
22.1
22.1
22.1
22.1
22.1
22.1
22.1
22.1
22.1
22.1
22.1
22.1
22.1
22.1
22.1
22.1
22.1
22.4
22.4
22.5
22.5
22.5
22.5
22.5
22.5
22.5
22.75
22.75
22.75
22.75
22.75
22.75
22.75
22.75
22.75
22.75
22.75
22.75
22.75
22.75
22.75
22.75
22.75
22.75
22.75
22.75
22.75
22.75
22.75
22.75
22.75
22.75
22.75
22.78
22.78
22.78
22.78
22.78
22.78
22.78
22.78
22.78
22.78
22.78
22.78
22.78
22.78
22.78
22.78
22.78
22.78
22.78
22.78
22.78
22.78
22.78
22.78
22.78
22.78
22.78
22.95
22.95
22.95
22.95
22.95
22.95
23
23
23
23.1
23.1
23.1
23.1
23.1
23.1
23.4
23.4
23.4
23.4
23.4
23.4
23.4
23.4
23.4
23.4
23.71
23.71
23.71
23.71
23.71
23.71
23.71
23.8
23.8
23.8
23.8
23.8
23.9
23.9
23.9
23.9
24
24
24
24
24
24
24
24
24
24
24
24
24.3
24.3
24.3
24.3
24.4
24.4
24.4
24.4
24.4
24.4
24.4
24.5
24.5
24.5
24.5
24.5
24.65
24.65
24.65
24.65
24.65
24.65
24.65
24.65
24.65
24.65
24.65
24.65
24.65
24.65
24.65
24.65
24.65
24.65
24.65
24.65
24.65
24.65
24.65
24.65
24.65
24.65
24.9
24.9
24.9
24.9
24.9
24.9
24.9
24.99
24.99
24.99
24.99
24.99
24.99
24.99
24.99
24.99
24.99
24.99
24.99
24.99
25
25
25
25
25
25
25
25
25
25
25
25
25
25
25
25
25.07
25.07
25.07
25.07
25.07
25.07
25.07
25.07
25.07
25.07
25.07
25.2
25.2
25.2
25.2
25.2
25.2
25.2
25.2
25.2
25.2
25.2
25.2
25.2
25.2
25.2
25.33
25.33
25.33
25.33
25.42
25.84
25.84
25.84
25.84
25.84
25.84
25.84
25.84
26
26
26
26
26
26
26
26
26
26
26
26
26
26
26.1
26.1
26.1
26.1
26.1
26.1
26.1
26.5
26.6
26.9
26.9
26.9
26.9
26.9
27
27
27
27
27.2
27.2
27.2
27.2
27.5
27.88
27.88
27.88
27.88
27.88
27.9
27.9
27.9
28
28
28
28
28
28
28
28.9
29
29
29
29
29
29
29
29
29
29
29
29
29
29
29
29
29
29
29
29
29
29
29
29
29
29
29
29
29
29
29
29
29.24
29.24
29.24
29.24
29.24
29.24
29.24
29.24
29.24
29.24
29.24
29.24
29.24
29.24
29.24
29.24
29.24
29.24
29.24
29.24
29.24
29.24
29.24
29.24
29.24
29.24
29.24
29.24
29.24
29.24
29.24
29.24
29.24
29.24
29.24
29.24
29.24
29.24
29.24
29.24
29.24
29.25
29.25
29.25
29.25
29.25
29.25
29.25
29.25
29.25
29.4
29.4
29.4
29.4
29.44
29.44
29.44
29.44
29.44
29.44
29.44
29.5
29.58
29.58
29.58
29.58
29.58
29.75
29.75
29.75
29.75
29.75
29.75
29.75
29.75
29.75
29.75
29.75
29.75
29.75
29.75
29.75
29.75
29.75
29.75
29.75
29.75
29.75
29.75
29.75
29.75
29.75
29.75
29.75
29.75
29.75
29.75
29.75
29.75
29.75
29.75
29.75
29.75
29.75
29.75
29.75
29.75
29.75
29.75
29.75
29.75
29.75
29.75
29.75
29.75
29.75
29.75
29.75
29.75
29.9
29.9
30
30
30
30
30
30
30
30
30
30
30.6
30.6
30.72
30.72
30.72
30.94
30.94
30.94
30.94
30.94
30.94
30.94
31.2
31.2
31.2
31.2
31.45
31.5
31.5
31.5
31.5
31.5
31.5
31.5
31.5
31.5
31.5
31.5
31.5
31.5
31.5
31.5
31.5
31.5
31.5
31.79
31.79
31.79
31.79
31.79
31.79
31.79
31.79
31.79
32
32
32
32
32
32
32
32
32
32
32
32
32
32
32
32
32
32.04
32.04
32.05
32.05
32.05
32.05
32.3
32.3
32.3
32.3
32.3
32.3
32.3
32.3
32.3
32.3
32.3
32.3
32.3
32.3
32.3
32.3
32.3
32.3
32.3
32.3
32.3
32.3
32.3
32.3
32.3
32.3
32.3
32.3
32.3
32.3
32.3
32.3
32.3
32.3
32.3
32.3
32.3
32.3
32.3
32.3
32.3
32.3
32.3
32.3
32.3
32.3
32.3
32.3
32.3
32.3
32.3
32.3
32.3
32.3
32.3
32.3
32.3
32.3
32.3
32.3
32.3
32.3
32.3
32.3
32.3
32.4
32.4
32.4
32.4
32.4
32.4
32.9
33
33
33
33
33
33.1
33.1
33.1
33.1
33.15
33.15
33.15
33.15
33.15
33.15
33.15
33.15
33.15
33.15
33.15
33.15
33.15
33.15
33.15
33.15
33.15
33.15
33.15
33.15
33.15
33.15
33.15
33.15
33.15
33.15
33.15
33.15
33.15
33.15
33.15
33.15
33.15
33.15
33.15
33.15
33.15
33.15
33.15
33.15
33.15
33.15
33.15
33.15
33.15
33.15
33.15
33.2
33.2
33.5
33.83
33.83
33.83
33.83
33.83
33.83
33.83
33.83
33.83
33.83
33.83
33.83
33.83
33.83
33.83
33.83
33.83
33.83
33.83
33.83
33.83
33.83
33.83
33.83
33.83
33.9
33.9
33.91
33.91
33.91
33.91
33.91
33.91
33.92
33.92
33.92
34
34
34
34
34
34
34
34
34
34
34
34
34
34
34
34
34.2
34.2
34.2
34.2
34.2
34.2
34.2
34.2
34.2
34.2
34.3
34.3
34.3
34.3
34.3
34.3
34.51
34.51
34.51
34.51
34.51
34.51
34.9
34.9
34.9
34.9
34.9
34.9
34.9
35
35
35
35
35
35
35
35
35
35
35
35
35
35
35
35
35
35
35
35
35
35
35
35
35
35
35
35.1
35.1
35.1
35.1
35.1
35.1
35.1
35.1
35.7
35.7
35.7
35.7
35.7
35.7
36
36
36
36
36
36
36
36
36
36
36
36
36
36.04
36.04
36.04
36.04
36.04
36.04
36.04
36.04
36.4
36.81
36.81
36.81
36.81
36.81
36.81
36.81
36.81
36.81
36.81
36.81
36.81
36.81
36.81
36.81
36.81
36.81
36.81
36.81
36.81
36.81
36.81
36.81
36.81
36.81
36.81
36.81
36.9
36.9
36.9
37
37
37
37.04
37.04
37.31
37.31
37.31
37.31
37.31
37.4
37.4
37.4
37.4
37.4
37.4
37.4
37.4
37.4
37.4
37.4
37.4
37.4
37.4
37.4
37.4
37.4
37.4
37.4
37.4
37.4
37.4
37.4
37.4
37.4
37.4
37.4
37.4
37.4
37.4
37.4
37.4
37.4
37.4
37.4
37.4
37.4
37.4
37.4
37.4
37.4
37.4
37.4
37.4
37.4
37.4
37.4
37.4
37.4
37.4
37.4
37.4
37.4
37.4
37.4
37.4
37.4
37.4
37.4
37.4
37.4
37.74
37.74
37.74
37.74
37.74
37.74
37.74
37.74
37.8
37.8
38
38
38
38
38
38
38
38
38
38.25
38.25
38.25
38.25
38.5
38.5
38.5
38.5
38.5
38.5
38.5
38.7
38.7
38.7
38.7
38.7
38.7
38.7
38.7
38.7
38.7
38.8
38.8
38.8
38.8
38.8
38.8
38.8
39
39
39
39
39
39
39
39
39
39
39
39
39
39
39
39
39
39
39
39
39
39
39
39
39
39
39
39
39
39
39
39
39
39
39
39
39
39
39
39
39
39
39
39
39
39
39
39
39
39
39.1
39.1
39.1
39.1
39.1
39.1
39.1
39.1
39.1
39.1
39.1
39.1
39.1
39.1
39.1
39.1
39.1
39.1
39.1
39.1
39.1
39.1
39.1
39.1
39.1
39.1
39.1
39.1
39.1
39.1
39.1
39.2
39.2
39.2
39.2
39.2
39.2
39.2
39.2
39.2
39.2
39.9
39.9
39.9
40
40
40
40
40
40
40
40
40
40
40
40
40.1
40.21
40.21
40.21
40.38
40.38
40.5
40.5
40.5
40.5
40.5
40.5
40.5
40.5
40.5
40.5
40.5
40.5
40.5
40.5
40.5
40.5
40.8
40.8
40.8
40.8
40.8
40.8
40.8
40.8
40.8
40.8
40.8
40.8
40.8
40.8
40.8
40.8
40.8
40.8
40.8
40.8
40.8
40.8
40.8
40.8
40.8
40.8
40.8
40.8
40.8
40.8
40.8
40.8
40.8
40.8
40.8
40.95
40.95
41
41.65
41.65
41.65
41.65
41.65
41.65
41.65
41.65
41.65
41.65
41.65
41.65
41.65
41.65
41.8
42
42
42
42
42
42
42
42
42
42
42
42
42
42
42
42
42
42.16
42.16
42.3
42.3
42.33
42.33
42.33
42.33
42.33
42.5
43
43.35
43.35
43.35
43.35
43.35
43.35
43.35
43.35
43.35
43.35
43.35
43.35
43.35
43.35
43.35
43.35
43.35
43.35
43.35
43.35
43.35
43.7
43.7
44
44
44
44
44
44
44
44
44
44
44.1
44.1
44.1
44.1
44.1
44.1
44.1
44.1
44.1
44.2
44.2
44.2
44.2
44.2
44.2
44.2
44.2
44.2
44.2
44.2
44.2
44.7
44.7
44.7
44.7
44.71
44.71
44.71
44.71
44.71
44.8
44.8
44.9
45
45
45
45
45
45
45
45
45
45
45
45
45
45
45
45
45
45
45
45
45
45
45
45
45
45
45
45
45
45
45
45
45
45
45
45
45
45
45
45
45
45
45
45
46
46.3
46.3
46.3
46.3
46.3
46.3
46.3
46.32
46.32
46.32
46.32
46.32
46.32
46.32
46.32
46.32
46.32
46.32
46.32
46.32
46.32
46.32
46.32
47
47.2
47.2
47.2
47.35
47.35
47.5
47.52
47.52
47.7
47.7
47.7
47.7
47.7
47.7
47.7
47.94
47.94
47.94
47.94
47.94
48
48
48
48
48
48
48
48
48.03
48.03
48.03
48.03
48.03
48.03
48.11
48.11
48.11
48.11
48.11
48.11
48.11
48.11
48.11
48.45
48.45
48.45
48.45
48.45
48.45
48.45
48.45
48.45
48.45
48.45
48.45
48.45
48.45
48.45
48.45
48.6
48.6
48.6
48.6
48.6
48.6
48.6
48.6
48.6
48.6
49
49
49
49
49
49
49
49
49
49
49
49
49
49
49
49
49
49
49
49
49
49
49
49
49
49
49
49
49
49
49
49
49
49
49
49
49
49
49
49
49
49.04
49.04
49.04
49.04
49.04
49.04
49.04
49.04
49.04
49.04
49.04
49.04
49.04
49.05
49.05
49.05
49.05
49.05
49.05
49.05
49.05
49.05
49.05
49.05
49.3
49.3
49.3
49.3
49.3
49.3
49.3
49.3
49.3
49.4
49.73
49.73
49.73
49.81
49.81
49.98
49.98
49.98
50.15
50.15
50.15
50.4
50.4
50.4
50.4
50.4
50.4
50.4
50.4
50.4
50.4
50.4
50.4
50.4
50.5
50.5
50.5
50.5
50.5
50.5
50.5
50.5
50.5
50.5
50.5
50.57
50.57
50.57
50.57
50.57
50.57
50.57
50.57
50.57
50.57
50.57
50.57
50.57
50.57
50.57
50.57
50.57
50.57
50.57
50.57
50.57
50.57
50.57
50.57
50.57
50.83
50.83
50.83
51
51.85
51.85
51.85
51.85
51.85
51.85
51.85
51.85
51.85
51.85
51.85
52
52
52
52
52
52
52
52
52
52
52
52
52
52
52
52
52
52.07
52.07
52.07
52.07
52.07
52.07
52.07
52.07
52.07
52.07
52.07
52.2
52.2
52.2
52.2
52.2
52.2
52.7
52.7
52.7
52.7
52.7
52.7
52.7
52.7
52.7
52.7
52.7
52.7
52.7
52.7
52.7
52.7
52.7
52.7
52.7
52.7
52.7
52.7
52.7
52.7
52.7
52.7
52.7
52.7
52.7
52.7
52.7
52.7
52.7
52.7
52.7
52.7
52.7
53
53
53
53.04
53.04
53.04
53.04
53.04
53.04
53.04
53.04
53.04
53.04
53.04
53.04
53.04
53.04
53.04
53.04
53.04
53.04
53.04
53.04
53.04
53.04
53.04
53.04
53.04
53.04
53.04
53.38
53.38
53.38
53.38
53.38
53.38
53.38
53.9
53.9
53.9
53.94
53.94
53.94
53.94
54
54
54
54.6
54.6
55
55
55
55
55
55
55
55
55
55.6
55.6
55.6
55.6
55.67
55.67
55.67
55.67
55.67
55.67
55.67
55.67
55.67
56
56.1
56.1
56.1
56.1
56.1
56.1
56.1
56.1
56.1
56.1
56.1
56.1
56.1
56.1
56.1
56.1
56.1
56.1
56.1
56.1
56.1
56.1
56.1
56.1
56.52
56.52
56.52
56.7
56.7
56.7
56.7
56.7
56.7
56.7
56.7
56.7
56.7
56.7
56.7
56.7
56.7
56.7
56.7
56.7
56.7
56.7
56.7
56.95
56.95
56.95
56.95
56.95
56.95
57
57
57
57
57.4
57.4
57.6
58
58.22
58.22
58.22
58.22
58.22
58.22
58.22
58.22
58.22
58.22
58.22
58.22
58.22
58.22
58.22
58.22
58.5
58.5
58.5
58.5
58.5
58.5
58.5
58.5
58.5
58.5
58.5
58.5
58.5
58.5
58.5
58.5
58.5
58.5
58.5
58.5
58.5
58.5
58.5
58.5
58.5
58.5
58.5
58.5
58.5
58.5
58.5
58.5
58.5
58.5
58.5
58.5
59
59
59
59
59
59
59
59
59
59
59
59
59
59
59
59
59
59
59
59
59
59
59
59
59
59
59
59
59
59
59
59.2
59.33
59.33
59.33
59.33
60
60
60.9
61.2
61.2
61.2
61.2
61.2
61.2
61.2
61.2
61.5
62.05
62.05
62.05
62.05
62.05
62.05
62.05
62.05
62.05
62.05
62.05
62.05
62.05
62.05
62.05
62.05
62.05
62.05
62.05
62.05
62.05
62.05
62.05
62.05
62.05
62.05
62.05
62.05
62.05
62.05
62.05
62.05
62.05
62.05
62.05
62.05
62.05
62.05
62.05
62.05
62.05
62.1
62.1
62.3
62.3
62.3
62.3
63
63
63.49
63.49
63.49
63.49
63.49
63.49
63.49
63.49
63.49
63.6
63.6
63.7
63.75
63.75
63.75
63.75
63.75
63.75
63.75
63.75
63.75
63.75
63.75
63.75
63.75
63.75
63.75
63.75
64
64
64.6
64.6
64.6
64.6
64.6
65
65
65
65
65
65
65
65
65
65
65
65
65
65
65
65
65
65
65.38
65.38
66
66.5
66.5
66.5
66.5
66.5
66.5
66.5
67
67
67
67.2
67.2
68
68
68
68
68
68
68
68
68
68
68
68
68
68
68
68
68
68
68
68
68
68
68
68
68
68
68
68
68
68
68
68
68.06
68.4
68.4
68.4
68.4
68.4
68.4
68.4
68.4
68.4
68.4
68.6
68.6
68.6
68.8
69
69
69
69
69
69
69
69
69
69
69
69
69
69
69
69
69
69
69
69
69
69
69
69
69
69
69
69
69.3
69.3
69.3
69.3
69.3
69.3
69.3
69.3
69.3
69.3
69.7
69.7
69.7
69.7
69.7
69.7
69.7
69.7
69.7
69.7
69.7
70
70
70
70.97
70.97
70.97
71.1
71.1
71.1
71.1
71.1
71.1
71.2
71.2
71.4
71.4
72.2
73.5
73.5
73.8
73.8
73.8
73.8
73.8
73.8
73.8
73.8
73.8
73.8
73.8
73.8
73.8
74
74
74
74
75
75
75
75
75
75
75
75
75
75
75
75
75
75
75
75
75
75
75
75
77.69
77.69
77.69
77.77
77.77
77.77
79
79
79
79
79
79
79
79
79
79
79
79
79
79
79
79
79.05
79.05
79.05
79.05
79.05
79.05
79.05
79.05
79.05
79.05
79.05
79.05
79.05
79.05
79.05
79.05
79.05
79.05
79.05
79.05
79.05
79.05
79.05
79.05
79.05
79.05
79.05
79.8
79.8
79.9
79.9
79.9
80
80.1
80.1
80.1
80.1
80.1
80.1
80.1
80.1
80.1
80.16
80.16
80.16
80.75
80.75
80.75
80.75
80.75
80.75
80.75
80.75
80.75
80.75
80.75
81
81.2
81.2
82.4
82.45
82.45
83.3
83.3
83.3
83.3
83.3
83.3
83.3
83.3
83.3
83.3
83.3
83.3
83.3
84
84
84.6
85
85
85
85
85
85
85
85
85
85
85
85
85
85
85
85
85
85
85.6
85.6
87
87
87.3
87.3
89
89
89
89
89
89
89
89
89
89
89
89
89
89
89
89
89
89
89
89
89
89
89
89
89
89
89
89
89
89.1
89.1
89.25
89.25
89.25
90
90
91.2
93
94
94
94
94
95
95
95
95
95
95
95
95
95
95
95
95
95
95
95
95
95
95
95
96.3
97.2
97.6
97.6
97.6
98.1
98.6
98.6
98.6
98.6
98.6
98.6
98.6
98.6
99
99
99
99
99
99
99
99
99
99
99
99
99
99
99
99
99
99
99
99
99
100
100.3
100.3
100.3
100.3
100.3
100.3
100.3
100.3
100.3
100.3
100.3
100.8
100.8
100.8
100.8
100.8
100.8
100.8
100.8
100.8
100.8
100.8
100.8
103.11
103.11
103.11
103.11
103.11
103.11
103.11
104.3
104.3
104.3
105
105
105
105
105
105
105
105
105
105
107.1
107.1
107.1
108
108.8
108.8
109
109
109
109
109
109
109.8
109.8
109.8
110
110
110
110
110
110
110
110
110
110
110
110
110
114
114
114
114
115
115
115
115
115
115
115
115
115
115
115
115
115
115
115
115
115
115
118.8
118.8
119
119
119
119
119
119
119
119
119
119
119
119
119
120
120.7
120.7
120.7
120.7
124
124
125
125
125
125
125
125
125
125
125
125
125
125.1
125.1
125.1
125.1
125.1
125.1
125.1
125.1
129
129
129
129
129
129
129
129
129.2
129.2
129.2
129.2
131
134.1
134.1
134.1
135
135
135
135
135
135
135
135
135
135
138
139
139
139
139
139
139
139
139
139
139
139
140
140
140
142
142.3
142.3
145
145
145
145
145
147.6
147.6
147.6
147.6
147.6
149
149
149
149
149
149
149
149
149
149
149
149
149
149
149
149
149
149
149
149
149
149
150
151
155
155
155
159
159
159
159
159
159
159
159
159
159
159
159
159
159
159
159
160
161
161.6
163
165
165
165
165
165
165
169
169
169
169
169
169
169
169
169
169
169
169
169
169
169
169
169
169
169
169
171
171
171
175
175
175
178
179
179
179
179
179
179
179
179
179
179
179
179
181
181
181.6
181.6
181.6
183.2
183.2
184
185
185
185
185
185
185
185
185
185
185
189
189
189
189
189
189
189
195
195
195
195
197
198
199
199
199
199
199
199
199
199
199
199
199
199
199
199
199
199
199
199
199
199.75
200
200
200
205
205
205
207.2
209
210
210
215
215
215
216
219
220
220
220
221.6
225
225
225
225
225
225
229
229
230
235
235
239
242.05
242.25
242.25
245
245
249
249
249
249
249
249
259
259
265
265
265
269
269
269
269
269
269
269
275
275
275
275
279
279
279
279
279
287.2
289
289
290
293
293
293
296
296
298
298
298
299
299
299
299
299
299
299
310
310
310
310
318
327
327
329
329
336
339
339
340
359
359
369
379
379
379
379
380
381.4
429
459
459
459
499
949
1165
0
106300123456
90210123456
125330123456
80070123456
164530123456
60150123456
106280123456
90190123456
125310123456
80080123456
164540123456
60160123456
106270123456
90180123456
125300123456
80090123456
164550123456
60170123456
106250123456
90160123456
125280123456
80100123456
164560123456
60180123456
106290123456
90200123456
125320123456
80110123456
164570123456
60190123456
106260123456
90170123456
125290123456
80120123456
164580123456
60200123456
106310123456
90220123456
125340123456
8013123456
164590123456
60210123456
204380123456
106320123456
90230123456
125350123456
80140123456
164600123456
60220123456
204390123456
106330123456
90240123456
125360123456
80150123456
164610123456
60230123456
204400123456
106340123456
90250123456
125370123456
80160123456
164620123456
60240123456
204410123456
116060123456
106090123456
90020123456
135010123456
125200123456
204230123456
173020123456
164390123456
116080123456
106110123456
90030123456
135020123456
125210123456
204240123456
173030123456
164400123456
116100123456
106130123456
90050123456
135030123456
125220123456
204250123456
173040123456
164410123456
116120123456
106150123456
90070123456
135040123456
125230123456
204260123456
173050123456
164420123456
116140123456
106170123456
90090123456
135050123456
125240123456
204270123456
173060123456
164430123456
116160123456
106190123456
90110123456
135060123456
125250123456
204280123456
173160123456
164630123456
116180123456
106210123456
90130123456
135070123456
125260123456
204290123456
173170123456
164640123456
203930123456
203940123456
203950123456
203960123456
203970123456
203980123456
204000123456
204010123456
204020123456
204030123456
204070123456
204080123456
105610123456
143420123456
105620123456
143430123456
105630123456
143440123456
105640123456
144980123456
322070123456
322030123456
322090123456
322050123456
322100123456
322060123456
322080123456
322040123456
321950123456
321960123456
321970123456
321980123456
321990123456
322010123456
322000123456
322020123456
322400123456
204350123456
172350123456
163020123456
115790123456
115800123456
105790123456
105800123456
106010123456
106020123456
134970123456
125070123456
125160123456
173140123456
164450123456
60130123456
115810123456
115820123456
105810123456
105820123456
106030123456
106040123456
134980123456
125080123456
125170123456
173150123456
164520123456
60140123456
115730123456
115740123456
105730123456
105740123456
105930123456
105940123456
134940123456
125040123456
125110123456
173110123456
164440123456
60100123456
115710123456
115720123456
105710123456
105720123456
105960123456
105950123456
134930123456
125030123456
125120123456
173100123456
164490123456
60090123456
115750123456
115760123456
105750123456
105760123456
105990123456
106000123456
134950123456
125050123456
125150123456
173080123456
164470123456
60060123456
115770123456
115780123456
105770123456
105780123456
105970123456
105980123456
134960123456
125060123456
125140123456
173090123456
164480123456
60080123456
115830123456
115840123456
105830123456
105840123456
106050123456
106060123456
134990123456
125090123456
125180123456
173130123456
164510123456
60120123456
115850123456
115860123456
105850123456
105860123456
106070123456
106080123456
135000123456
1251001123456
125190123456
173120123456
164500123456
60110123456
115440123456
115450123456
105340123456
105350123456
132890123456
124770123456
172730123456
164130123456
115420123456
115430123456
105320123456
105330123456
132880123456
124760123456
172740123456
164140123456
115490123456
115480123456
105380123456
105390123456
134800123456
124790123456
172720123456
164120123456
115460123456
115470123456
105360123456
105370123456
134790123456
124780123456
172790123456
164180123456
115500123456
115510123456
105400123456
105410123456
134810123456
125020123456
172760123456
164150123456
115530123456
115540123456
105420123456
105430123456
134820123456
124800123456
172780123456
164170123456
113550123456
113540123456
104710123456
104700123456
132690123456
124550123456
172770123456
164160123456
113580123456
113560123456
104730123456
104720123456
132700123456
124560123456
172800123456
164190123456
104380123456
116240123456
116230123456
106380123456
106370123456
90270123456
135110123456
125390123456
80170123456
116220123456
11621012356
106360123456
106350123456
90260123456
135100123456
125380123456
80180123456
104370123456
115650123456
105670123456
115550123456
105440123456
204090123456
115590123456
105480123456
204110123456
115630123456
105520123456
204130123456
115570123456
105460123456
204100123456
115610123456
105500123456
204120123456
322390123456
322350123456
322310123456
204340123456
322360123456
322320123456
322280123456
204310123456
322380123456
322340123456
322300123456
204330123456
322370123456
322330123456
322290123456
204320123456
203630123456
321680123456
321700123456
321580123456
321590123456
290310123456
301660123456
283280123456
290320123456
301670123456
283230123456
290290123456
301640123456
283270123456
290280123456
301630123456
283260123456
290330123456
301680123456
283290123456
290300123456
301650123456
28330012345
290260123456
301610123456
283240123456
290500123456
302000123456
283970123456
290490123456
301990123456
283960123456
290340123456
301690123456
283220123456
290270123456
301620123456
283250123456
283400123456
290400123456
301780123456
301840123456
283370123456
290370123456
301720123456
301850123456
203360123456
290360123456
301710123456
301800123456
283410123456
290410123456
301750123456
301860123456
283420123456
290420123456
301760123456
301870123456
283380123456
290380123456
301730123456
301820123456
283390123456
290390123456
301770123456
301830123456
283350123456
290350123456
301700123456
301790123456
284050123456
284060123456
301440123456
290430123456
301930123456
283870123456
290440123456
301940123456
283880123456
290450123456
301950123456
283890123456
290460123456
301960123456
283900123456
290470123456
301970123456
283910123456
290480123456
301980123456
283920123456
283690123456
283700123456
283710123456
283990123456
283720123456
283730123456
283740123456
284000123456
283750123456
283760123456
283770123456
284010123456
283780123456
283790123456
283800123456
284020123456
283810123456
283820123456
283830123456
284030123456
283840123456
283850123456
283860123456
284040123456
330270123456
330280123456
330290123456
330300123456
322190123456
322220123456
322230123456
113050123456
113000123456
113040123456
115330123456
115270123456
115280123456
115290123456
282420123456
282430123456
115250123456
115300123456
115340123456
115320123456
282450123456
282440123456
115350123456
282460123456
282470123456
115360123456
282480123456
282490123456
112990123456
281900123456
115370123456
283450123456
283460123456
283440123456
283430123456
283490123456
283500123456
283340123456
283330123456
283510123456
283520123456
281850123456
281870123456
282370123456
282170123456
282390123456
282050123456
322270123456
322260123456
322250123456
322240123456
152770123456
152780123456
152970123456
152960123456
152950123456
321790123456
321920123456
321910123456
321940123456
322110123456
322120123456
322130123456
322140123456
322150123456
322160123456
322170123456
115680123456
159300123456
134900123456
173070123456
115700123456
115940123456
134920123456
173180123456
115670123456
115920123456
134890123456
173190123456
115690123456
115950123456
134910123456
173200123456
283590123456
283600123456
283610123456
283620123456
283630123456
283640123456
283530123456
283540123456
283550123456
283560123456
283570123456
283580123456
282930123456
282940123456
282950123456
282960123456
282970123456
283000123456
283010123456
283020123456
283650123456
283660123456
283670123456
501530123456
501540123456
501510123456
501520123456
501550123456
501560123456
501680123456
501370123456
501420123456
501570123456
501580123456
501590123456
501600123456
501610123456
501620123456
501630123456
501640123456
501690123456
501700123456
501150123456
501180123456
501200123456
501210123456
501170123456
261970123456
250840123456
262010123456
261960123456
250830123456
262000123456
261980123456
250850123456
262020123456
261950123456
250820123456
261990123456
262060123456
250890123456
262100123456
262040123456
250870123456
262080123456
262030123456
250860123456
26207012456
26205123456
25088123456
262090123456
240830123456
104130123456
124010123456
163510123456
113200123456
113280123456
113260123456
321880123456
163110123456
172390123456
113450123456
104620123456
104630123456
124510123456
143160123456
113470123456
104650123456
104520123456
124430123456
143040123456
163850123456
104290123456
124190123456
143210123456
163590123456
104330123456
124230123456
143200123456
163630123456
282410123456
282500123456
282510123456
290120123456
290150123456
290160123456
290170123456
290180123456
290190123456
104510123456
124420123456
163840123456
152340123456
105550123456
124880123456
164020123456
105660123456
125000123456
164110123456
105650123456
124990123456
164100123456
105680123456
123920123456
163340123456
142720123456
113120123456
115660123456
132400123456
172600123456
172470123456
104670123456
104560123456
124470123456
163890123456
143080123456
105250123456
124710123456
163910123456
143110123456
105270123456
124730123456
163930123456
143130123456
104390123456
124300123456
163720123456
142910123456
121470123456
321830123456
283060123456
283070123456
283080123456
283050123456
283090123456
283100123456
283110123456
283120123456
283130123456
283140123456
283150123456
29140123456
290200123456
282590123456
290210123456
282600123456
290220123456
301570123456
282610123456
290230123456
301580123456
282620123456
290240123456
301590123456
282630123456
290250123456
301600123456
281980123456
282640123456
282650123456
282670123456
282690123456
282700123456
282710123456
282720123456
282730123456
282740123456
282750123456
282770123456
282780123456
282790123456
282800123456
282810123456
282860123456
282870123456
282880123456
282890123456
282900123456
282910123456
282920123456
260820123456
250660123456
260860123456
260830123456
250670123456
260890123456
260840123456
250680123456
260870123456
260850123456
250690123456
260880123456
260910123456
250700123456
260940123456
260930123456
250710123456
260950123456
260920123456
250720123456
260960123456
260900123456
250730123456
260970123456
113310123456
113030123456
113040123456
113010123456
281860123456
281840123456
281910123456
104100123456
104070123456
112390123456
112400123456
122270123456
122270123456
122280123456
122260123456
283190123456
283210123456
283200123456
104440123456
124350123456
163770123456
142960123456
105600123456
124930123456
164070123456
145140123456
105560123456
124890123456
164030123456
145150123456
105540123456
124870123456
164010123456
145160123456
105570123456
124900123456
164040123456
145170123456
105580123456
124910123456
164050123456
145180123456
321640123456
283160123456
283170123456
283180123456
283030123456
283040123456
330360123456
330440123456
301900123456
301910123456
301880123456
301890123456
113170123456
152240123456
113180123456
152250123456
113150123456
152220123456
113190123456
152260123456
115890123456
282300123456
113360123456
282290123456
282310123456
282320123456
282270123456
113320123456
282280123456
282010123456
282030123456
261930123456
250760123456
261810123456
261900123456
250740123456
261010123456
261920123456
250770123456
261020123456
261910123456
250750123456
261800123456
261940123456
250790123456
261840123456
261890123456
250800123456
161830123456
261880123456
250810123456
261850123456
261860123456
250780123456
261820123456
322200123456
322210123456
0
72
84
76.5
88
99
116
72
84
76.5
88
99
116
72
84
76.5
88
99
116
72
84
76.5
88
99
116
72
84
76.5
88
99
116
72
84
76.5
88
99
116
62
75
66.5
79
86
104
16
62
75
66.5
79
86
104
16
62
75
66.5
79
86
104
16
62
75
66.5
79
86
104
16
27
32
37
58
68
16
70
82.5
27
32
37
58
68
16
70
82.5
27
32
37
58
68
16
70
82.5
27
32
37
58
68
16
70
82.5
27
32
37
58
68
16
70
82.5
27
32
37
58
68
16
70
82.5
27
32
37
58
68
16
70
82.5
16
16
16
16
16
16
16
16
16
16
16
16
119
189
119
189
119
189
119
189
63
45
63
45
63
45
63
45
89
89
89
89
69
69
69
69
99
14.5
185
250
35
35
49
49
54
54
39
53
58
63
82
89
35
35
49
49
54
54
39
53
58
63
82
89
35
35
49
49
54
54
39
53
58
63
82
89
35
35
49
49
54
54
39
53
58
63
82
89
35
35
49
49
54
54
39
53
58
63
82
89
35
35
49
49
54
54
39
53
58
63
82
89
35
35
49
49
54
54
39
53
58
63
82
89
35
35
49
49
54
54
39
53
58
63
82
89
36
36
50
50
40
54
63
82
36
36
50
50
40
54
63
82
36
36
50
50
40
54
63
82
36
36
50
50
40
54
63
82
36
36
50
50
40
54
63
82
36
36
50
50
40
54
63
82
29
29
40
40
34
45.5
63
82
29
29
40
40
34
45.5
63
82
45
38
38
53
53
63
38
53
67
38
38
53
53
63
38
53
67
45
35
45
15.5
22
9
15.5
22
9
15.5
22
9
15.5
22
9
15.5
22
9
40
30
17
12
40
30
17
12
40
30
17
12
40
30
17
12
15
23
37
26
42
10
26
40
10
26
40
10
26
40
10
26
40
10
26
40
10
26
40
10
26
40
10
26
40
10
26
40
10
26
40
10
26
40
3.3
8
22.5
32.5
3.3
8
22.5
32.5
3.3
8
22.5
32.5
3.3
8
22.5
32.5
3.3
8
22.5
32.5
330
8
22.5
32.5
3.3
8
22.5
32.5
3.3
8
22.5
32.5
20
20
36
5
15
22
5
15
22
5
15
22
5
15
22
5
15
22
5
15
22
45
45
45
45
45
45
45
45
45
45
45
45
45
45
45
45
45
45
45
45
45
45
45
45
19
19
19
19
25
25
25
28
28
28
134
31
32
29
27
20
134
31
32
29
27
20
34
27
20
34
27
20
28
22
28
24
19
24
19
24
19
24
19
24
19
22
22
22
22
22
22
20
20
20
20
29
29
29
29
29
16
16
16
16
18
18
18
20
20
20
20
35
35
37.5
63
35
35
37.5
63
35
35
37.5
63
35
35
37.5
63
35
35
35
35
35
35
35
35
35
35
35
35
35
35
35
35
35
35
35
35
35
35
35
35
47
35
47
29
40
35
26
35
35
47
35
47
36
49
35
47
28
38
28
39
28
39
38
139
45
68
139
45
68
139
45
68
139
45
68
139
45
68
139
45
68
139
45
68
139
45
68
48
54
57
87
39
52
52
148
47
38
35
49
49
52
74
35
49
68
71
94
103
89
96
114
120
89
96
114
120
31
31
31
8
8
8
8
8
8
72
74
99
74
78
81
105
110
116
150
110
116
150
49
52
82
78
35
35
38
63
53.5
49
107
114
136
130
89
96
116
114
89
96
116
114
89
96
116
114
56
84
30
30
30
30
30
30
30
30
33
33
33
6
6
30
6
30
6
18
30
6
18
30
6
18
30
6
18
45
45
45
45
45
45
45
45
45
45
45
45
45
45
45
45
45
45
45
45
45
45
45
139
45
68
139
45
68
139
45
68
139
45
68
139
45
68
139
45
68
139
45
68
139
45
68
34
34
34
34
27
27
27
49
49
38
38
45
45
45
45
36
36
36
72
74
99
94
72
74
99
94
78
81
105
95
78
81
105
95
78
81
105
95
78
81
105
95
19
33
33
33
21
21
13
41.9
32.50 
32.50 
32.50 
32.50 
34
61
34
61
34
61
34
61
22
24
65
24
24
24
24
65
24
19.9
19.9
122
42
51.5
122
42
51.5
122
42
51.5
122
42
51.5
122
42
51.5
122
42
51.5
122
42
51.5
122
42
51.5
12
12
0
10%
10%
10%
10%
10%
10%
10%
10%
10%
10%
10%
10%
10%
10%
10%
10%
10%
10%
10%
10%
10%
10%
10%
10%
10%
10%
10%
10%
10%
10%
10%
10%
10%
10%
10%
10%
10%
10%
10%
10%
10%
10%
10%
10%
10%
10%
10%
10%
10%
10%
10%
10%
10%
10%
10%
10%
10%
10%
10%
10%
10%
10%
10%
10%
10%
10%
10%
10%
10%
10%
10%
10%
10%
10%
10%
10%
10%
10%
10%
10%
10%
10%
10%
10%
10%
10%
10%
10%
10%
10%
10%
10%
10%
10%
10%
10%
10%
10%
10%
10%
10%
10%
10%
10%
10%
10%
10%
10%
10%
10%
10%
10%
10%
10%
10%
10%
10%
10%
10%
10%
30%
30%
30%
30%
30%
30%
30%
30%
30%
30%
30%
30%
30%
30%
30%
30%
30%
30%
30%
30%
30%
30%
30%
30%
30%
30%
30%
30%
30%
30%
30%
30%
30%
30%
30%
30%
10%
10%
10%
10%
30%
30%
30%
30%
30%
30%
30%
30%
30%
30%
30%
30%
30%
30%
30%
30%
30%
30%
30%
30%
30%
30%
30%
30%
10%
10%
10%
10%
10%
10%
10%
10%
10%
10%
10%
10%
10%
10%
10%
10%
10%
10%
10%
10%
10%
10%
10%
10%
10%
10%
10%
10%
10%
10%
10%
10%
10%
10%
10%
10%
10%
10%
10%
10%
10%
10%
10%
10%
10%
10%
10%
10%
30%
30%
30%
30%
30%
30%
30%
30%
30%
30%
30%
30%
30%
30%
30%
30%
30%
30%
30%
30%
30%
30%
30%
30%
30%
30%
30%
30%
30%
30%
30%
30%
30%
30%
30%
30%
30%
30%
30%
30%
30%
30%
30%
30%
30%
30%
30%
30%
10%
10%
10%
10%
10%
10%
10%
10%
30%
30%
30%
30%
30%
30%
30%
30%
30%
30%
30%
30%
30%
30%
30%
30%
30%
30%
30%
30%
30%
30%
30%
30%
30%
30%
30%
30%
30%
30%
30%
30%
10%
10%
10%
10%
10%
10%
10%
10%
10%
10%
10%
10%
10%
10%
10%
10%
10%
30%
30%
30%
10%
10%
10%
10%
10%
10%
10%
10%
10%
10%
10%
10%
10%
10%
10%
10%
10%
10%
10%
10%
10%
10%
10%
10%
10%
10%
10%
10%
10%
10%
10%
10%
10%
10%
10%
10%
10%
10%
10%
10%
10%
10%
10%
10%
10%
10%
10%
10%
10%
10%
10%
10%
10%
10%
10%
10%
10%
10%
10%
10%
10%
10%
10%
10%
10%
10%
10%
10%
10%
30%
30%
30%
30%
30%
30%
30%
30%
30%
30%
30%
30%
30%
30%
30%
30%
30%
30%
30%
30%
30%
30%
30%
30%
30%
30%
30%
30%
30%
30%
30%
30%
10%
10%
10%
10%
10%
10%
10%
10%
10%
10%
10%
10%
10%
10%
10%
10%
10%
10%
10%
10%
10%
10%
10%
10%
10%
10%
10%
10%
10%
10%
10%
10%
10%
10%
10%
10%
10%
10%
10%
10%
10%
10%
10%
10%
10%
10%
10%
10%
10%
30%
30%
30%
10%
30%
10%
10%
10%
10%
10%
10%
10%
10%
10%
10%
10%
10%
10%
10%
10%
10%
10%
10%
10%
30%
30%
30%
10%
10%
10%
10%
10%
10%
10%
10%
10%
10%
10%
10%
10%
10%
10%
10%
10%
10%
10%
10%
10%
10%
10%
10%
10%
10%
10%
10%
10%
10%
10%
10%
10%
10%
10%
10%
10%
10%
10%
10%
10%
10%
10%
10%
10%
10%
10%
10%
10%
10%
10%
10%
10%
10%
10%
10%
10%
10%
10%
10%
10%
10%
10%
10%
10%
10%
10%
10%
10%
10%
10%
10%
10%
10%
10%
30%
30%
30%
30%
30%
30%
10%
10%
10%
10%
10%
10%
10%
10%
10%
10%
10%
10%
10%
10%
10%
10%
10%
10%
10%
10%
10%
10%
10%
10%
10%
10%
10%
10%
10%
10%
10%
10%
10%
10%
10%
10%
10%
10%
10%
10%
10%
10%
10%
30%
30%
30%
20%
20%
20%
20%
20%
20%
30%
30%
30%
30%
30%
30%
30%
20%
20%
20%
20%
30%
30%
30%
30%
30%
30%
30%
30%
30%
30%
30%
20%
20%
20%
20%
20%
20%
20%
20%
20%
20%
30%
30%
30%
10%
10%
10%
10%
10%
10%
30%
30%
30%
30%
30%
30%
30%
30%
30%
30%
20%
20%
20%
20%
30%
30%
30%
30%
30%
30%
30%
30%
30%
30%
30%
30%
10%
20%
30%
30%
30%
30%
30%
30%
30%
30%
30%
30%
30%
10%
10%
10%
10%
10%
10%
10%
10%
10%
10%
10%
10%
10%
10%
10%
10%
10%
10%
10%
10%
10%
10%
10%
10%
10%
10%
10%
10%
10%
10%
10%
10%
10%
10%
10%
10%
10%
10%
10%
20%
20%
20%
20%
20%
20%
20%
20%
20%
20%
20%
20%
20%
20%
20%
20%
20%
20%
20%
20%
20%
20%
20%
20%
20%
20%
20%
30%
20%
20%
20%
0%
0%
0%
0%
0%
0%
0%
0%
0%
0%
0%
20%
20%
20%
20%
20%
20%
20%
20%
30%
30%
30%
30%
30%
30%
30%
30%
30%
30%
30%
30%
30%
30%
30%
30%
10%
30%
30%
30%
10%
10%
10%
10%
10%
10%
10%
10%
30%
30%
30%
30%
30%
30%
30%
30%
10%
20%
10%
20%
20%
20%
20%
10%
20%
20%
20%
20%
20%
20%
20%
20%
20%
20%
20%
20%
20%
20%
20%
20%
20%
20%
20%
20%
20%
20%
20%
20%
20%
20%
20%
10%
10%
100