give site product codes and stop with '0':
give current start prices and stop with '0':
give current final prices and stop with '0':
give new product codes and stop with '0':
give new prices and stop with '0':
give discounts and stop with '100':
-----------------------------------


list of start prices with respect to current product codes from site

-----------------------------------
1,550000
1,550000
1,550000
1,550000
1,550000
1,550000
1,550000
1,550000
1,550000
1,550000
1,550000
1,550000
1,550000
1,950000
1,950000
1,950000
1,950000
1,950000
1,950000
1,950000
2,000000
2,000000
2,000000
2,000000
2,000000
2,000000
2,000000
2,000000
2,000000
3,300000
3,300000
3,300000
3,300000
3,300000
3,300000
3,300000
3,300000
4,500000
4,500000
4,500000
4,500000
4,500000
4,500000
4,900000
4,900000
4,900000
4,900000
4,900000
4,900000
4,900000
4,900000
4,900000
4,900000
4,900000
4,900000
4,900000
4,900000
4,900000
4,900000
4,900000
4,900000
4,900000
4,900000
4,900000
4,900000
4,900000
4,900000
4,900000
5,250000
5,250000
5,250000
5,250000
5,250000
5,250000
5,250000
5,250000
5,250000
5,250000
5,250000
5,250000
5,250000
6,500000
6,500000
6,500000
6,500000
6,500000
6,500000
5,500000
5,900000
5,900000
5,900000
5,900000
5,900000
5,900000
5,900000
5,900000
5,900000
5,900000
5,900000
5,900000
5,900000
5,900000
5,900000
5,900000
5,900000
5,900000
5,900000
5,900000
5,900000
5,900000
5,900000
5,900000
6,200000
6,200000
6,200000
6,200000
6,200000
6,200000
6,200000
6,500000
6,500000
6,500000
6,500000
6,500000
6,500000
6,500000
6,500000
6,500000
6,500000
6,500000
6,500000
6,500000
6,500000
6,500000
6,500000
6,500000
8,000000
8,000000
8,000000
8,000000
8,000000
8,000000
8,000000
8,000000
7,440000
7,440000
7,440000
7,440000
7,440000
7,440000
7,000000
7,010000
7,010000
7,010000
7,010000
7,010000
8,700000
8,700000
8,700000
8,700000
8,700000
8,700000
8,700000
8,700000
8,700000
8,700000
8,700000
8,700000
8,700000
9,000000
8,700000
8,800000
8,900000
8,900000
8,900000
8,900000
8,900000
9,170000
9,170000
9,170000
9,170000
9,000000
9,000000
9,000000
9,000000
9,000000
9,900000
9,900000
9,900000
9,900000
9,900000
9,900000
9,900000
9,900000
9,900000
10,000000
10,000000
10,000000
10,000000
10,000000
10,000000
10,000000
10,000000
10,000000
13,500000
13,500000
13,500000
13,500000
13,500000
13,500000
10,900000
10,900000
10,900000
10,900000
10,900000
10,900000
10,900000
10,900000
10,900000
10,900000
10,900000
10,900000
10,900000
10,900000
10,900000
10,900000
10,900000
10,900000
10,900000
10,900000
10,900000
10,900000
10,900000
10,900000
10,900000
11,500000
11,500000
11,500000
11,500000
11,500000
11,500000
11,500000
11,500000
11,500000
11,500000
11,500000
11,500000
11,500000
11,500000
11,500000
11,500000
12,900000
12,900000
12,900000
13,000000
13,000000
13,000000
11,800000
11,800000
11,800000
11,800000
11,800000
11,800000
11,800000
11,800000
11,800000
11,800000
11,900000
11,900000
11,900000
11,900000
11,900000
11,800000
11,800000
12,400000
12,400000
12,400000
12,400000
12,400000
12,400000
12,400000
12,400000
12,400000
12,400000
12,400000
13,890000
12,600000
12,600000
12,600000
12,600000
14,140000
13,100000
13,100000
13,100000
13,100000
13,100000
13,100000
13,100000
13,100000
13,100000
13,100000
13,100000
13,100000
15,550000
15,120000
13,700000
13,700000
13,700000
13,700000
13,700000
13,700000
13,700000
13,700000
13,700000
13,700000
13,700000
13,700000
13,700000
13,700000
13,700000
13,700000
13,700000
13,700000
13,700000
13,700000
13,700000
13,700000
13,700000
13,700000
13,700000
13,700000
13,000000
13,000000
13,000000
15,370000
15,370000
15,370000
15,380000
15,380000
13,900000
13,900000
13,900000
16,000000
14,300000
14,300000
14,300000
15,870000
15,870000
15,870000
14,500000
14,500000
14,500000
14,500000
14,500000
14,500000
14,500000
14,500000
14,500000
14,500000
14,500000
16,400000
16,400000
16,400000
16,400000
14,500000
14,500000
14,500000
14,500000
14,500000
14,500000
14,500000
14,500000
14,500000
14,500000
14,500000
14,500000
14,500000
14,900000
14,900000
14,900000
16,620000
16,620000
16,620000
16,620000
16,620000
16,620000
15,100000
15,000000
17,360000
17,360000
20,000000
20,000000
15,500000
15,500000
15,500000
15,500000
15,500000
16,600000
16,600000
16,600000
16,600000
17,800000
17,800000
17,800000
19,300000
19,300000
17,500000
17,500000
17,500000
17,500000
17,500000
17,500000
17,500000
17,500000
17,500000
17,500000
17,500000
17,500000
17,500000
17,500000
17,500000
17,500000
17,500000
17,500000
17,500000
17,500000
17,500000
17,500000
17,500000
17,500000
17,500000
17,500000
17,500000
17,500000
17,500000
17,500000
17,500000
17,500000
17,500000
21,000000
19,590000
19,590000
19,590000
19,590000
19,000000
20,000000
17,000000
17,800000
17,800000
17,800000
17,800000
17,800000
17,800000
17,800000
17,800000
18,000000
22,000000
18,200000
18,200000
18,200000
22,000000
22,500000
22,500000
22,500000
22,500000
22,500000
22,500000
22,500000
22,500000
20,590000
20,590000
20,590000
20,590000
20,580000
20,580000
20,580000
19,900000
18,800000
18,800000
18,800000
18,800000
18,800000
18,800000
21,000000
21,000000
21,000000
21,000000
21,000000
22,000000
18,900000
18,900000
18,900000
21,330000
21,330000
21,330000
21,330000
22,070000
22,070000
22,070000
22,070000
20,000000
20,000000
24,000000
20,000000
20,000000
20,000000
20,000000
20,000000
20,000000
20,000000
20,000000
20,000000
20,000000
20,000000
20,000000
20,000000
20,000000
20,000000
20,000000
20,000000
20,000000
20,000000
20,000000
20,000000
20,000000
20,000000
20,000000
20,000000
20,000000
20,000000
24,000000
23,000000
23,000000
23,000000
19,000000
19,000000
19,000000
19,000000
19,000000
20,200000
20,200000
20,200000
20,200000
20,200000
20,200000
20,200000
20,300000
25,000000
21,000000
21,000000
21,000000
21,000000
21,000000
21,000000
21,000000
21,000000
21,000000
21,000000
21,000000
21,000000
21,000000
21,000000
21,000000
21,000000
21,000000
21,000000
21,000000
21,000000
21,000000
21,000000
21,000000
21,000000
24,000000
26,000000
22,400000
22,400000
23,000000
24,300000
24,300000
24,300000
22,000000
22,000000
22,000000
22,000000
22,000000
22,000000
22,000000
22,000000
22,000000
21,000000
21,000000
25,000000
25,000000
25,000000
25,000000
25,000000
25,000000
25,000000
25,000000
25,000000
25,000000
24,000000
25,000000
25,000000
25,000000
26,000000
24,000000
24,000000
25,000000
25,000000
25,000000
25,000000
24,000000
24,000000
24,000000
24,000000
24,000000
22,700000
23,000000
23,000000
23,000000
23,000000
23,000000
23,000000
23,000000
23,000000
23,000000
23,000000
23,000000
23,000000
23,000000
23,000000
23,000000
23,000000
23,000000
23,000000
23,000000
23,000000
23,000000
23,000000
23,000000
28,000000
28,000000
28,000000
23,200000
23,200000
23,200000
23,200000
23,200000
23,200000
23,200000
23,200000
23,200000
23,200000
23,200000
23,200000
23,200000
23,200000
23,200000
23,200000
23,200000
23,200000
23,200000
23,200000
23,200000
23,200000
23,200000
23,200000
23,200000
23,200000
23,200000
22,000000
22,000000
22,000000
22,000000
22,000000
22,000000
22,000000
22,000000
22,000000
22,000000
22,000000
25,000000
29,000000
25,000000
25,000000
27,000000
25,000000
25,000000
27,000000
27,000000
27,000000
27,000000
23,900000
23,900000
23,900000
24,000000
24,000000
24,000000
24,000000
24,000000
24,000000
24,000000
24,000000
24,000000
25,800000
25,800000
25,800000
25,800000
27,000000
27,000000
27,000000
27,000000
24,500000
24,500000
24,500000
24,500000
24,500000
24,500000
24,500000
30,000000
30,000000
28,000000
28,000000
28,000000
25,000000
26,600000
26,600000
26,600000
26,600000
26,600000
26,600000
26,600000
30,000000
30,000000
30,000000
27,000000
24,000000
24,000000
24,000000
24,000000
24,000000
31,000000
31,000000
31,000000
31,000000
30,000000
30,000000
30,000000
30,000000
30,000000
32,000000
29,000000
26,000000
26,000000
26,000000
26,000000
26,000000
26,000000
26,000000
26,000000
26,000000
26,000000
26,000000
26,000000
26,000000
26,000000
26,000000
26,000000
26,000000
26,000000
26,000000
27,000000
27,000000
27,000000
26,000000
26,000000
32,000000
32,000000
25,000000
25,000000
32,000000
32,000000
32,000000
32,000000
35,000000
35,000000
35,000000
35,000000
35,000000
35,000000
35,000000
35,000000
35,000000
35,000000
35,000000
35,000000
35,000000
35,000000
35,000000
35,000000
35,000000
35,000000
35,000000
35,000000
35,000000
35,000000
35,000000
35,000000
35,000000
35,000000
35,000000
32,500000
32,500000
32,500000
32,500000
32,500000
32,500000
32,500000
32,500000
26,800000
26,800000
26,800000
26,800000
26,800000
26,800000
26,800000
26,800000
26,800000
26,800000
26,800000
26,800000
26,800000
26,800000
26,800000
26,800000
26,800000
26,800000
26,800000
26,800000
26,800000
26,800000
26,800000
26,800000
26,800000
26,800000
26,800000
27,000000
27,000000
27,000000
27,000000
27,000000
30,000000
33,000000
33,000000
33,000000
33,000000
33,000000
33,000000
33,000000
33,000000
26,000000
39,000000
39,000000
39,000000
39,000000
30,500000
30,500000
30,500000
30,500000
26,000000
27,900000
27,900000
27,900000
27,900000
27,900000
27,900000
27,900000
28,000000
28,000000
34,000000
34,000000
34,000000
34,000000
34,000000
34,000000
34,000000
33,000000
34,000000
30,000000
30,000000
30,000000
33,000000
33,000000
33,000000
32,000000
32,000000
32,000000
32,000000
32,000000
30,000000
29,000000
27,000000
27,000000
27,000000
27,000000
29,400000
29,400000
29,400000
29,400000
29,400000
29,400000
29,400000
35,000000
35,000000
35,000000
35,000000
35,000000
35,000000
35,000000
35,000000
35,000000
35,000000
35,000000
29,000000
29,000000
29,000000
29,000000
29,000000
29,000000
29,000000
29,000000
29,000000
29,000000
29,000000
29,000000
29,000000
29,000000
29,000000
29,000000
29,000000
29,000000
29,000000
29,000000
29,000000
29,000000
29,000000
29,000000
29,400000
31,000000
31,000000
33,000000
33,000000
33,000000
34,000000
35,000000
35,000000
35,000000
35,000000
35,000000
29,400000
29,400000
29,400000
29,400000
29,400000
29,400000
29,400000
29,400000
29,400000
29,400000
29,400000
29,400000
29,400000
33,000000
34,000000
34,000000
35,000000
33,000000
33,000000
30,000000
34,000000
34,000000
32,000000
33,000000
30,000000
33,000000
32,000000
33,000000
32,000000
34,000000
29,500000
29,500000
29,500000
29,500000
29,500000
29,500000
29,500000
29,500000
29,500000
29,500000
29,500000
28,000000
28,000000
28,000000
28,000000
28,000000
28,000000
28,000000
28,000000
28,000000
36,000000
36,000000
36,000000
36,000000
36,000000
36,000000
36,000000
28,000000
29,800000
29,800000
29,800000
29,800000
29,600000
30,400000
30,400000
30,400000
30,400000
30,400000
30,400000
30,400000
30,400000
32,500000
32,500000
32,500000
32,500000
34,000000
34,000000
34,000000
35,000000
36,000000
34,000000
34,000000
34,000000
34,000000
34,000000
29,000000
29,000000
29,000000
29,000000
29,000000
29,000000
29,000000
38,000000
38,000000
39,000000
39,000000
39,000000
39,000000
39,000000
34,000000
38,000000
38,000000
36,000000
34,000000
34,000000
34,000000
39,000000
39,000000
39,000000
39,000000
39,000000
32,800000
32,800000
32,800000
32,800000
32,800000
40,000000
40,000000
40,000000
40,000000
40,000000
40,000000
40,000000
40,000000
40,000000
35,000000
38,000000
38,000000
39,000000
37,000000
35,000000
35,000000
34,000000
38,000000
36,000000
36,000000
40,000000
40,000000
40,000000
38,000000
38,000000
38,000000
39,000000
40,000000
40,000000
39,000000
39,000000
39,000000
39,000000
39,000000
39,000000
39,000000
39,000000
39,000000
39,000000
39,000000
39,000000
39,000000
38,000000
39,000000
39,000000
38,000000
38,000000
39,000000
41,000000
41,000000
41,000000
34,400000
34,400000
34,400000
34,400000
34,400000
34,400000
34,400000
34,400000
34,400000
34,400000
34,400000
34,400000
34,400000
34,400000
34,400000
34,400000
34,400000
34,400000
34,400000
34,400000
34,400000
34,400000
34,400000
34,400000
34,400000
34,400000
34,400000
34,400000
34,400000
34,400000
34,400000
34,400000
34,400000
34,400000
34,400000
34,400000
34,400000
34,400000
34,400000
34,400000
34,400000
32,500000
49,000000
49,000000
49,000000
44,000000
34,400000
34,400000
34,400000
34,400000
34,400000
34,400000
42,000000
34,800000
34,800000
34,800000
34,800000
34,800000
35,000000
35,000000
35,000000
35,000000
35,000000
35,000000
35,000000
35,000000
35,000000
35,000000
35,000000
35,000000
35,000000
35,000000
35,000000
35,000000
35,000000
35,000000
35,000000
35,000000
35,000000
35,000000
35,000000
35,000000
35,000000
35,000000
35,000000
35,000000
35,000000
35,000000
35,000000
35,000000
35,000000
35,000000
35,000000
35,000000
35,000000
35,000000
35,000000
42,000000
42,000000
42,000000
42,000000
42,000000
42,000000
37,500000
37,500000
37,500000
37,500000
37,500000
37,500000
37,500000
40,000000
40,000000
40,000000
42,000000
42,000000
38,400000
38,400000
38,400000
36,400000
36,400000
36,400000
36,400000
36,400000
36,400000
36,400000
39,000000
39,000000
39,000000
37,000000
45,000000
45,000000
45,000000
35,000000
45,000000
45,000000
35,000000
35,000000
35,000000
45,000000
45,000000
45,000000
45,000000
35,000000
35,000000
35,000000
35,000000
35,000000
37,400000
37,400000
37,400000
37,400000
37,400000
37,400000
37,400000
37,400000
37,400000
45,500000
45,500000
39,000000
39,000000
39,000000
37,000000
37,000000
37,000000
37,000000
37,000000
37,000000
37,000000
37,000000
37,000000
37,000000
39,000000
40,000000
46,000000
43,000000
37,700000
37,700000
37,700000
37,700000
37,700000
38,000000
38,000000
38,000000
38,000000
38,000000
38,000000
38,000000
38,000000
38,000000
38,000000
38,000000
38,000000
38,000000
38,000000
38,000000
38,000000
38,000000
38,000000
38,000000
38,000000
38,000000
38,000000
38,000000
38,000000
38,000000
38,000000
38,000000
38,000000
38,000000
38,000000
38,000000
38,000000
38,000000
38,000000
38,000000
38,000000
38,000000
38,000000
38,000000
38,000000
38,000000
38,000000
38,000000
38,000000
38,000000
38,000000
38,000000
38,000000
38,000000
38,000000
38,000000
38,000000
38,000000
38,000000
38,000000
38,000000
38,000000
38,000000
38,000000
38,000000
38,000000
38,000000
38,000000
38,000000
38,000000
36,000000
47,000000
47,000000
47,000000
46,000000
46,000000
46,000000
46,000000
45,000000
45,000000
43,500000
44,000000
44,000000
39,000000
39,000000
39,000000
39,000000
39,000000
39,000000
39,000000
39,000000
39,000000
39,000000
39,000000
39,000000
39,000000
39,000000
39,000000
39,000000
39,000000
39,000000
39,000000
39,000000
39,000000
39,000000
39,000000
39,000000
39,000000
39,000000
39,000000
39,000000
39,000000
39,000000
39,000000
39,000000
39,000000
39,000000
39,000000
39,000000
39,000000
39,000000
39,000000
41,500000
41,500000
47,500000
39,800000
39,800000
39,800000
39,800000
39,800000
39,800000
39,800000
39,800000
39,800000
39,800000
39,800000
39,800000
39,800000
39,800000
39,800000
39,800000
39,800000
39,800000
39,800000
39,800000
39,800000
39,800000
46,000000
46,000000
39,900000
39,900000
39,900000
39,900000
39,900000
39,900000
39,900000
39,900000
39,900000
49,500000
49,500000
49,500000
49,500000
49,800000
49,500000
49,500000
49,500000
49,500000
49,500000
49,500000
45,000000
49,000000
49,500000
40,000000
45,000000
38,000000
38,000000
38,000000
38,000000
38,000000
38,000000
38,000000
38,000000
38,000000
38,000000
49,000000
49,000000
49,000000
49,000000
49,000000
49,000000
49,000000
49,000000
49,000000
49,000000
40,600000
40,600000
40,600000
40,600000
40,600000
40,600000
50,000000
50,000000
50,000000
50,000000
50,000000
50,000000
50,000000
50,000000
50,000000
50,000000
50,000000
50,000000
50,000000
50,000000
49,000000
45,000000
45,000000
45,000000
45,000000
45,000000
45,000000
50,000000
49,000000
49,000000
51,000000
46,000000
46,000000
45,000000
45,000000
46,000000
49,000000
49,000000
49,000000
49,000000
40,000000
50,000000
46,000000
50,000000
50,000000
47,000000
50,000000
50,000000
40,000000
40,000000
40,000000
40,000000
39,000000
39,000000
39,000000
39,000000
42,000000
42,000000
42,000000
42,000000
42,000000
42,000000
48,000000
48,000000
45,000000
48,000000
47,000000
47,000000
47,000000
42,200000
42,200000
42,200000
42,200000
42,200000
42,200000
42,200000
42,200000
52,000000
43,300000
43,300000
43,300000
43,300000
43,300000
43,300000
43,300000
43,300000
43,300000
43,300000
43,300000
43,300000
43,300000
43,300000
43,300000
43,300000
43,300000
43,300000
43,300000
43,300000
43,300000
43,300000
43,300000
43,300000
43,300000
43,300000
43,300000
51,000000
51,000000
52,500000
52,000000
52,000000
52,000000
53,000000
50,000000
44,000000
44,000000
53,000000
53,000000
43,900000
43,900000
43,900000
43,900000
43,900000
44,000000
44,000000
44,000000
44,000000
44,000000
44,000000
44,000000
44,000000
44,000000
44,000000
44,000000
44,000000
44,000000
44,000000
44,000000
44,000000
44,000000
44,000000
44,000000
44,000000
44,000000
44,000000
44,000000
44,000000
44,000000
44,000000
44,000000
44,000000
44,000000
44,000000
44,000000
44,000000
44,000000
44,000000
44,000000
44,000000
44,000000
44,000000
44,000000
44,000000
44,000000
44,000000
44,000000
44,000000
44,000000
44,000000
44,000000
44,000000
44,000000
44,000000
44,000000
44,000000
44,000000
44,000000
44,000000
44,000000
44,000000
44,000000
44,400000
44,400000
44,400000
44,400000
44,400000
44,400000
44,400000
44,400000
54,000000
54,000000
54,000000
54,000000
54,000000
54,000000
54,000000
54,000000
50,000000
50,000000
53,000000
53,000000
53,000000
53,000000
48,000000
50,000000
50,000000
45,000000
45,000000
45,000000
45,000000
49,000000
49,000000
49,000000
49,000000
49,000000
49,000000
49,000000
43,000000
43,000000
43,000000
43,000000
43,000000
43,000000
43,000000
43,000000
43,000000
43,000000
48,500000
48,500000
48,500000
48,500000
48,500000
48,500000
48,500000
65,000000
65,000000
65,000000
65,000000
65,000000
65,000000
65,000000
54,000000
54,000000
54,000000
54,000000
54,000000
54,000000
53,000000
60,000000
60,000000
55,000000
54,000000
50,000000
55,000000
51,000000
51,000000
50,000000
55,000000
54,000000
54,000000
54,000000
54,000000
52,000000
52,000000
55,000000
54,000000
53,000000
53,500000
53,500000
53,500000
53,500000
56,000000
50,000000
55,000000
55,000000
50,000000
54,000000
45,000000
55,000000
50,000000
53,000000
50,000000
46,000000
46,000000
46,000000
46,000000
46,000000
46,000000
46,000000
46,000000
46,000000
46,000000
46,000000
46,000000
46,000000
46,000000
46,000000
46,000000
46,000000
46,000000
46,000000
46,000000
46,000000
46,000000
46,000000
46,000000
46,000000
46,000000
46,000000
46,000000
46,000000
46,000000
46,000000
49,000000
49,000000
49,000000
49,000000
49,000000
49,000000
49,000000
49,000000
57,000000
57,000000
57,000000
54,000000
54,000000
54,000000
47,000000
55,000000
54,000000
54,000000
54,000000
54,000000
53,000000
55,000000
57,000000
52,330000
47,300000
47,300000
47,300000
47,500000
47,500000
45,000000
45,000000
45,000000
45,000000
45,000000
45,000000
45,000000
45,000000
45,000000
58,000000
58,000000
58,000000
58,000000
48,000000
48,000000
48,000000
48,000000
48,000000
48,000000
48,000000
48,000000
48,000000
48,000000
48,000000
48,000000
48,000000
48,000000
48,000000
48,000000
48,000000
48,000000
48,000000
48,000000
48,000000
48,000000
48,000000
48,000000
48,000000
59,000000
49,000000
49,000000
49,000000
49,000000
49,000000
49,000000
49,000000
49,000000
49,000000
49,000000
49,000000
49,000000
49,000000
49,000000
54,560000
57,000000
57,000000
57,000000
55,000000
60,000000
59,000000
59,000000
59,000000
59,000000
60,000000
60,000000
57,000000
55,000000
56,000000
55,000000
56,000000
56,000000
60,000000
49,600000
49,600000
49,800000
49,800000
49,800000
49,800000
49,800000
50,000000
57,000000
51,000000
51,000000
51,000000
51,000000
51,000000
51,000000
51,000000
51,000000
51,000000
51,000000
51,000000
51,000000
51,000000
51,000000
51,000000
51,000000
51,000000
51,000000
51,000000
51,000000
51,000000
57,040000
57,040000
63,000000
63,000000
58,000000
58,000000
58,000000
63,000000
63,000000
60,000000
55,000000
58,000000
49,000000
63,000000
63,000000
63,000000
63,000000
63,000000
67,000000
67,000000
67,000000
63,000000
63,000000
63,000000
63,000000
63,000000
63,000000
63,000000
63,000000
63,000000
63,000000
63,000000
52,000000
52,000000
52,000000
52,000000
52,000000
52,000000
52,000000
52,000000
52,000000
52,000000
52,000000
52,000000
52,600000
52,600000
52,600000
52,600000
52,600000
52,600000
52,600000
52,600000
56,000000
56,000000
56,000000
60,000000
60,000000
60,000000
60,000000
64,000000
62,000000
55,000000
55,000000
55,000000
55,000000
55,000000
60,000000
55,000000
60,000000
60,000000
60,000000
56,000000
60,000000
59,000000
60,000000
59,000000
60,000000
60,000000
53,000000
53,000000
53,000000
55,000000
53,000000
53,000000
53,000000
53,000000
59,000000
59,000000
64,000000
60,000000
60,000000
60,000000
60,000000
60,000000
60,000000
54,500000
54,500000
54,500000
54,500000
54,500000
54,500000
54,500000
54,500000
54,500000
54,500000
54,500000
54,500000
54,500000
54,500000
54,500000
54,500000
54,500000
58,000000
58,000000
58,000000
63,000000
59,000000
59,000000
59,000000
55,700000
55,700000
66,000000
55,900000
55,900000
53,000000
53,000000
53,000000
53,000000
56,400000
56,400000
56,400000
56,400000
56,400000
65,000000
65,000000
60,000000
62,000000
62,000000
62,000000
62,000000
68,000000
56,500000
56,500000
56,500000
56,500000
56,500000
56,500000
56,900000
56,900000
56,900000
56,900000
56,900000
56,900000
56,900000
56,900000
56,900000
69,000000
69,000000
57,000000
57,000000
57,000000
57,000000
57,000000
57,000000
57,000000
57,000000
57,000000
57,000000
57,000000
54,000000
54,000000
54,000000
54,000000
69,000000
70,000000
70,000000
70,000000
70,000000
69,000000
69,000000
69,000000
69,000000
66,000000
66,000000
65,000000
69,000000
64,000000
62,000000
69,000000
69,000000
70,000000
65,000000
65,000000
65,000000
65,000000
70,000000
66,000000
68,000000
65,000000
65,000000
66,000000
66,000000
66,000000
74,000000
66,000000
66,000000
60,000000
70,000000
70,000000
65,000000
63,500000
69,000000
70,000000
70,000000
69,000000
57,700000
57,000000
57,000000
57,000000
57,700000
57,000000
57,000000
57,000000
57,000000
57,700000
57,700000
57,700000
57,700000
57,700000
57,700000
57,700000
57,700000
57,700000
57,700000
57,700000
57,700000
57,700000
57,700000
57,700000
58,000000
58,000000
58,000000
58,000000
58,000000
57,000000
58,500000
58,500000
58,500000
58,600000
58,600000
58,800000
58,800000
58,800000
59,000000
59,000000
59,000000
56,000000
56,000000
56,000000
56,000000
56,000000
56,000000
56,000000
56,000000
56,000000
56,000000
56,000000
56,000000
56,000000
59,500000
59,500000
59,500000
59,500000
59,500000
59,500000
59,500000
59,500000
59,500000
59,500000
59,500000
68,500000
59,500000
59,500000
59,500000
59,500000
59,500000
59,500000
59,500000
59,500000
59,500000
59,500000
59,500000
59,500000
59,800000
59,800000
59,800000
65,000000
61,000000
61,000000
61,000000
61,000000
61,000000
61,000000
61,000000
61,000000
61,000000
61,000000
61,000000
65,000000
65,000000
65,000000
65,000000
65,000000
65,000000
65,000000
75,000000
70,000000
75,000000
75,000000
75,000000
70,000000
62,000000
62,000000
62,000000
62,000000
62,000000
62,000000
62,000000
62,000000
62,000000
62,000000
62,000000
58,000000
58,000000
62,000000
62,000000
62,000000
62,000000
62,000000
62,000000
62,000000
62,000000
62,000000
62,000000
62,000000
62,000000
62,000000
62,000000
62,000000
62,000000
62,000000
62,000000
62,000000
62,000000
62,000000
62,000000
62,000000
62,000000
62,000000
62,000000
62,000000
62,000000
62,000000
62,000000
62,000000
62,000000
62,000000
62,000000
62,000000
62,000000
62,000000
70,000000
75,000000
75,000000
62,400000
62,400000
62,400000
62,400000
62,400000
62,400000
62,400000
62,400000
62,400000
62,400000
62,400000
62,400000
62,400000
62,400000
62,400000
62,400000
62,400000
62,400000
62,400000
62,400000
62,400000
62,400000
62,400000
62,400000
62,400000
62,400000
62,400000
62,800000
62,800000
62,800000
62,800000
62,800000
62,800000
62,800000
63,500000
63,500000
63,500000
89,900000
89,900000
89,900000
89,900000
67,000000
67,200000
72,000000
78,000000
78,000000
65,000000
73,000000
77,000000
77,000000
77,000000
74,000000
72,000000
75,000000
75,000000
65,000000
65,500000
65,500000
65,500000
65,500000
65,500000
65,500000
65,500000
65,500000
75,000000
66,000000
66,000000
66,000000
66,000000
66,000000
66,000000
66,000000
66,000000
66,000000
66,000000
66,000000
66,000000
66,000000
66,000000
66,000000
66,000000
66,000000
66,000000
66,000000
66,000000
66,000000
66,000000
66,000000
66,000000
66,500000
66,500000
66,500000
63,000000
63,000000
63,000000
63,000000
63,000000
67,000000
67,000000
67,000000
67,000000
67,000000
67,000000
82,500000
82,500000
82,500000
79,000000
80,000000
82,000000
82,000000
82,000000
82,000000
82,000000
82,000000
82,000000
82,000000
82,000000
82,000000
82,000000
82,000000
82,000000
72,000000
80,000000
68,500000
68,500000
68,500000
68,500000
68,500000
68,500000
68,500000
68,500000
68,500000
68,500000
68,500000
65,000000
65,000000
65,000000
65,000000
65,000000
65,000000
65,000000
65,000000
65,000000
65,000000
65,000000
65,000000
65,000000
65,000000
65,000000
65,000000
65,000000
65,000000
65,000000
65,000000
65,000000
65,000000
65,000000
65,000000
65,000000
65,000000
65,000000
65,000000
65,000000
65,000000
65,000000
65,000000
65,000000
65,000000
65,000000
82,000000
82,000000
79,000000
80,000000
80,000000
75,000000
84,000000
84,000000
84,000000
84,000000
84,000000
75,000000
75,000000
80,000000
85,000000
85,000000
85,000000
81,000000
75,000000
75,000000
82,000000
84,000000
84,000000
80,000000
83,000000
83,000000
82,000000
79,000000
79,000000
79,000000
75,000000
78,000000
78,000000
78,000000
74,000000
69,800000
69,800000
69,800000
69,800000
75,000000
75,000000
75,000000
75,000000
75,000000
75,000000
75,000000
75,000000
75,000000
75,000000
75,000000
87,000000
87,000000
87,000000
68,000000
68,000000
68,000000
68,000000
68,000000
68,000000
68,000000
68,000000
82,000000
73,000000
73,000000
73,000000
73,000000
73,000000
73,000000
73,000000
73,000000
73,000000
73,000000
73,000000
73,000000
73,000000
73,000000
73,000000
73,000000
73,000000
73,000000
73,000000
73,000000
73,000000
73,000000
73,000000
73,000000
73,000000
73,000000
73,000000
73,000000
73,000000
73,000000
73,000000
73,000000
73,000000
73,000000
73,000000
73,000000
73,000000
73,000000
73,000000
73,000000
73,000000
89,000000
89,000000
89,000000
89,000000
89,000000
89,000000
89,000000
89,000000
89,000000
89,000000
90,000000
90,000000
74,700000
74,700000
74,700000
74,700000
74,700000
74,700000
74,700000
74,700000
74,700000
79,500000
91,000000
80,000000
80,000000
76,000000
76,000000
76,000000
76,000000
75,000000
87,000000
88,000000
90,000000
85,000000
90,000000
92,000000
92,000000
87,000000
90,000000
92,000000
92,000000
79,000000
90,000000
85,000000
85,000000
90,000000
82,000000
75,000000
90,000000
74,800000
74,800000
95,000000
95,000000
95,000000
95,000000
95,000000
95,000000
95,000000
95,000000
95,000000
96,000000
96,000000
96,000000
96,000000
96,000000
80,000000
80,000000
80,000000
80,000000
80,000000
80,000000
80,000000
80,000000
80,000000
80,000000
80,000000
80,000000
80,000000
80,000000
80,000000
80,000000
80,000000
80,000000
80,000000
80,000000
80,000000
80,000000
80,000000
80,000000
80,000000
80,000000
80,000000
85,000000
99,000000
99,000000
99,000000
95,000000
90,740000
76,000000
76,000000
76,000000
76,000000
76,000000
76,000000
76,000000
76,000000
76,000000
76,000000
98,000000
98,000000
98,000000
86,000000
95,000000
95,000000
95,000000
90,000000
96,000000
96,000000
95,000000
95,000000
90,000000
98,000000
93,000000
90,000000
95,000000
96,000000
85,000000
85,000000
85,000000
90,000000
85,000000
99,000000
96,000000
93,000000
99,000000
95,000000
95,000000
93,000000
90,000000
85,000000
92,000000
95,000000
85,000000
90,000000
90,000000
99,000000
99,000000
77,000000
77,000000
77,000000
77,000000
77,000000
77,000000
77,000000
82,000000
82,000000
82,000000
82,000000
82,000000
82,000000
82,000000
82,000000
82,000000
82,000000
82,000000
95,000000
100,000000
90,000000
100,000000
83,500000
83,500000
83,500000
79,000000
79,000000
79,000000
79,000000
79,000000
79,000000
89,000000
89,000000
84,000000
84,000000
103,000000
105,000000
105,000000
82,000000
82,000000
82,000000
104,000000
105,000000
105,000000
105,000000
99,000000
108,000000
105,000000
100,000000
105,000000
105,000000
105,000000
100,000000
96,000000
85,000000
100,000000
99,000000
99,000000
100,000000
100,000000
100,000000
100,000000
99,000000
100,000000
100,000000
100,000000
85,000000
100,000000
91,400000
91,400000
91,400000
91,500000
91,500000
91,500000
105,000000
100,000000
113,000000
110,000000
110,000000
105,000000
105,000000
105,000000
115,000000
100,000000
105,000000
110,000000
105,000000
110,000000
105,000000
100,000000
109,000000
105,000000
93,000000
93,000000
93,000000
93,000000
93,000000
93,000000
93,000000
93,000000
93,000000
93,000000
93,000000
93,000000
93,000000
93,000000
93,000000
93,000000
93,000000
93,000000
93,000000
93,000000
93,000000
93,000000
93,000000
93,000000
93,000000
93,000000
93,000000
114,000000
114,000000
94,000000
94,000000
94,000000
114,000000
115,000000
115,000000
89,000000
89,000000
89,000000
94,300000
94,300000
94,300000
95,000000
95,000000
95,000000
95,000000
95,000000
95,000000
95,000000
95,000000
95,000000
95,000000
95,000000
108,000000
116,000000
116,000000
97,000000
97,000000
97,000000
98,000000
98,000000
98,000000
98,000000
98,000000
98,000000
98,000000
98,000000
98,000000
98,000000
98,000000
98,000000
98,000000
119,000000
119,000000
119,000000
120,000000
105,000000
120,000000
120,000000
94,000000
115,000000
115,000000
115,000000
120,000000
105,000000
105,000000
105,000000
120,000000
107,000000
115,000000
110,000000
110,000000
120,000000
105,000000
120,000000
120,000000
117,000000
110,000000
115,000000
115,000000
107,000000
107,000000
115,000000
115,000000
120,000000
120,000000
105,000000
105,000000
105,000000
123,000000
123,000000
120,000000
125,000000
120,000000
120,000000
115,000000
120,000000
128,000000
108,000000
125,000000
125,000000
125,000000
115,000000
115,000000
115,000000
125,000000
125,000000
123,000000
115,000000
120,000000
111,000000
117,000000
120,000000
128,000000
128,000000
115,000000
115,000000
115,000000
105,000000
105,000000
99,000000
99,000000
105,000000
105,000000
105,000000
100,000000
128,000000
114,000000
120,000000
125,000000
130,000000
125,000000
134,000000
126,000000
123,000000
123,000000
135,000000
120,000000
123,000000
118,000000
118,000000
118,000000
118,000000
118,000000
118,000000
118,000000
118,000000
125,000000
125,000000
127,000000
123,000000
126,000000
134,000000
125,000000
137,500000
135,000000
135,000000
130,000000
122,000000
122,000000
122,000000
109,000000
116,000000
116,000000
116,000000
116,000000
116,000000
116,000000
116,000000
116,000000
135,000000
130,000000
120,000000
139,000000
142,500000
135,000000
140,000000
130,000000
130,000000
137,000000
142,000000
142,000000
135,000000
141,000000
137,000000
140,000000
140,000000
135,000000
135,000000
143,000000
143,000000
139,000000
130,000000
126,000000
125,000000
140,000000
140,000000
140,000000
143,000000
118,000000
118,000000
118,000000
118,000000
118,000000
118,000000
118,000000
118,000000
118,000000
118,000000
118,000000
112,000000
112,000000
112,000000
112,000000
112,000000
112,000000
112,000000
112,000000
112,000000
112,000000
112,000000
112,000000
121,300000
121,300000
121,300000
121,300000
121,300000
121,300000
121,300000
149,000000
149,000000
149,000000
140,000000
142,500000
135,000000
135,000000
150,000000
149,000000
150,000000
150,000000
150,000000
150,000000
140,000000
140,000000
145,000000
136,000000
136,000000
150,000000
150,000000
150,000000
150,000000
156,000000
147,000000
152,000000
152,000000
122,000000
122,000000
122,000000
158,000000
150,000000
150,000000
150,000000
156,000000
140,000000
140,000000
140,000000
148,000000
150,000000
141,000000
154,000000
154,000000
147,000000
150,000000
132,500000
165,000000
165,000000
165,000000
155,000000
155,000000
150,000000
155,000000
145,000000
155,000000
153,000000
150,000000
220,000000
150,000000
145,000000
165,000000
155,000000
155,000000
155,000000
164,000000
155,000000
135,000000
155,000000
155,000000
154,000000
154,000000
132,000000
132,000000
168,000000
168,000000
163,000000
168,000000
168,000000
161,000000
165,000000
170,000000
160,000000
159,000000
167,000000
160,000000
160,000000
166,000000
160,000000
160,000000
166,000000
165,000000
160,000000
142,000000
142,000000
142,000000
142,000000
177,000000
177,000000
169,000000
165,000000
163,000000
163,000000
171,000000
176,000000
171,000000
169,000000
170,000000
170,000000
180,000000
139,000000
139,000000
139,000000
139,000000
139,000000
139,000000
139,000000
139,000000
150,000000
186,000000
175,000000
175,000000
170,000000
180,000000
174,000000
173,000000
176,000000
175,000000
152,000000
152,000000
152,000000
152,000000
186,000000
149,000000
149,000000
149,000000
175,000000
192,000000
182,000000
186,000000
189,000000
180,000000
180,000000
180,000000
193,000000
190,000000
180,000000
180,000000
192,000000
180,000000
198,000000
180,000000
190,000000
188,000000
188,000000
197,000000
197,000000
185,000000
185,000000
190,000000
200,000000
200,000000
190,000000
204,000000
225,000000
225,000000
190,000000
205,000000
170,000000
190,000000
191,000000
164,000000
164,000000
164,000000
164,000000
164,000000
215,000000
210,000000
205,000000
210,000000
205,000000
190,000000
200,000000
195,000000
200,000000
215,000000
190,000000
200,000000
189,000000
189,000000
190,000000
190,000000
200,000000
195,000000
200,000000
206,000000
200,000000
200,000000
200,000000
220,000000
216,000000
220,000000
208,500000
213,000000
227,000000
220,000000
215,000000
210,000000
220,000000
220,000000
228,000000
220,000000
220,000000
219,000000
220,000000
210,000000
225,000000
225,000000
227,000000
227,000000
225,000000
225,000000
220,000000
220,000000
220,000000
220,000000
222,000000
230,000000
202,000000
234,000000
235,000000
235,000000
237,000000
232,000000
234,000000
234,000000
225,000000
230,000000
225,000000
230,000000
230,000000
210,000000
220,000000
230,000000
230,000000
230,000000
240,000000
220,000000
225,000000
225,000000
225,000000
225,000000
240,000000
237,000000
238,000000
238,000000
232,000000
232,000000
232,000000
230,000000
230,000000
235,000000
235,000000
246,000000
255,000000
250,000000
255,000000
230,000000
230,000000
245,000000
240,000000
240,000000
240,000000
260,000000
260,000000
240,000000
225,000000
249,000000
249,000000
227,000000
227,000000
227,000000
229,000000
229,000000
258,000000
246,000000
246,000000
245,000000
245,000000
258,000000
265,000000
235,000000
265,000000
253,000000
253,000000
260,000000
260,000000
270,000000
270,000000
250,000000
270,000000
270,000000
270,000000
260,000000
260,000000
273,000000
276,000000
265,000000
250,000000
297,000000
273,000000
280,000000
282,000000
282,000000
291,000000
274,000000
264,000000
250,000000
260,000000
290,000000
282,000000
288,000000
260,000000
270,000000
270,000000
260,000000
260,000000
270,000000
275,000000
264,000000
275,000000
284,000000
284,000000
270,000000
270,000000
235,000000
250,000000
250,000000
250,000000
285,000000
285,000000
284,000000
259,000000
288,000000
300,000000
300,000000
290,000000
290,000000
290,000000
265,000000
309,000000
300,000000
290,000000
290,000000
300,000000
297,000000
290,000000
300,000000
300,000000
277,000000
310,000000
315,000000
315,000000
315,000000
300,000000
318,000000
328,000000
320,000000
303,000000
335,000000
335,000000
340,000000
320,000000
320,000000
285,000000
285,000000
285,000000
330,000000
330,000000
360,000000
345,000000
345,000000
355,000000
325,000000
360,000000
360,000000
350,000000
345,000000
345,000000
380,000000
375,000000
350,000000
350,000000
350,000000
385,000000
385,000000
350,000000
350,000000
276,000000
390,000000
370,000000
370,000000
395,000000
395,000000
375,000000
375,000000
395,000000
359,000000
400,000000
390,000000
390,000000
398,000000
398,000000
398,000000
370,000000
370,000000
415,000000
430,000000
400,000000
420,000000
420,000000
400,000000
400,000000
420,000000
420,000000
405,000000
435,000000
440,000000
440,000000
440,000000
453,000000
455,000000
455,000000
470,000000
470,000000
480,000000
475,000000
475,000000
455,000000
440,000000
515,000000
515,000000
510,000000
510,000000
542,000000
542,000000
542,000000
542,000000
525,000000
544,000000
600,000000
610,000000
657,000000
657,000000
657,000000
714,000000
1350,000000
1655,000000
90,000000
28,000000
129,000000
129,000000
129,000000
129,000000
129,000000
129,000000
129,000000
129,000000
79,000000
79,000000
79,000000
79,000000
79,000000
124,000000
124,000000
39,000000
39,000000
129,000000
99,000000
65,000000
20,000000
99,000000
65,000000
129,000000
139,000000
20,000000
65,000000
99,000000
129,000000
20,000000
65,000000
99,000000
129,000000
20,000000
65,000000
99,000000
129,000000
99,000000
129,000000
20,000000
65,000000
99,000000
129,000000
139,000000
20,000000
119,000000
119,000000
119,000000
119,000000
119,000000
15,000000
15,000000
15,000000
34,400000
15,000000
15,000000
15,000000
15,000000
15,000000
15,000000
15,000000
39,000000
39,000000
39,000000
39,000000
39,000000
39,000000
39,000000
39,000000
39,000000
39,000000
39,000000
39,000000
39,000000
39,000000
39,000000
39,000000
39,000000
39,000000
35,000000
35,000000
35,000000
35,000000
35,000000
39,000000
39,000000
39,000000
39,000000
39,000000
59,000000
59,000000
59,000000
59,000000
59,000000
59,000000
59,000000
59,000000
59,000000
59,000000
59,000000
59,000000
59,000000
59,000000
65,000000
65,000000
65,000000
65,000000
65,000000
65,000000
65,000000
65,000000
39,000000
39,000000
39,000000
39,000000
39,000000
39,000000
39,000000
39,000000
39,000000
39,000000
39,000000
39,000000
39,000000
39,000000
39,000000
59,000000
59,000000
59,000000
59,000000
59,000000
59,000000
59,000000
59,000000
59,000000
59,000000
59,000000
59,000000
59,000000
59,000000
59,000000
59,000000
59,000000
59,000000
59,000000
59,000000
59,000000
59,000000
59,000000
59,000000
59,000000
59,000000
59,000000
59,000000
16,000000
14,000000
20,000000
39,000000
60,000000
30,000000
39,000000
39,000000
49,000000
39,000000
14,000000
14,000000
14,000000
14,000000
14,000000
14,000000
14,000000
14,000000
14,000000
14,000000
14,000000
29,000000
29,000000
29,000000
29,000000
29,000000
29,000000
49,000000
49,000000
49,000000
49,000000
18,000000
18,000000
18,000000
18,000000
25,000000
25,000000
25,000000
25,000000
25,000000
43,000000
120,000000
192,000000
216,000000
240,000000
32,000000
19,000000
35,000000
54,500000
35,000000
59,500000
35,000000
54,500000
35,000000
59,500000
25,000000
25,000000
25,000000
25,000000
25,000000
19,000000
19,000000
25,000000
34,000000
29,500000
29,500000
29,500000
29,500000
45,000000
25,000000
25,000000
25,000000
25,000000
14,000000
45,000000
14,000000
25,000000
25,000000
25,000000
45,000000
25,000000
25,000000
11,000000
11,000000
14,600000
14,600000
14,600000
14,600000
14,600000
14,600000
9,690000
9,690000
9,690000
9,690000
79,000000
79,000000
79,000000
79,000000
109,000000
109,000000
109,000000
79,000000
79,000000
79,000000
109,000000
109,000000
109,000000
79,000000
79,000000
79,000000
109,000000
109,000000
109,000000
39,000000
39,000000
39,000000
39,000000
69,000000
69,000000
69,000000
69,000000
109,000000
149,000000
149,000000
149,000000
149,000000
149,000000
149,000000
149,000000
149,000000
149,000000
149,000000
149,000000
95,000000
95,000000
95,000000
95,000000
95,000000
95,000000
95,000000
149,000000
95,000000
95,000000
149,000000
95,000000
95,000000
95,000000
16,700000
12,920000
13,100000
13,900000
14,000000
23,200000
23,200000
29,500000
29,500000
29,500000
29,900000
21,900000
16,300000
15,000000
15,000000
24,890000
14,600000
14,600000
14,600000
14,600000
14,600000
14,600000
14,600000
14,600000
33,300000
33,300000
33,300000
38,600000
38,600000
38,600000
39,500000
39,500000
39,500000
39,500000
39,500000
39,500000
39,500000
39,500000
39,500000
39,500000
39,500000
39,500000
39,500000
39,500000
49,500000
49,500000
49,500000
49,500000
49,500000
49,500000
49,500000
49,500000
49,500000
45,000000
45,000000
45,000000
45,000000
45,000000
45,000000
32,000000
32,000000
32,000000
32,000000
32,000000
32,000000
32,000000
32,000000
32,000000
25,000000
25,000000
25,000000
25,000000
25,000000
27,800000
27,800000
24,900000
24,900000
35,200000
35,200000
39,800000
39,800000
45,800000
45,800000
11,500000
11,500000
8,500000
8,500000
27,400000
27,400000
27,400000
21,500000
21,500000
21,500000
17,500000
17,500000
17,500000
17,500000
18,200000
18,200000
18,200000
18,200000
18,200000
23,800000
23,800000
14,800000
14,800000
24,500000
24,500000
18,240000
27,400000
27,400000
27,400000
21,500000
21,500000
21,500000
17,500000
17,500000
17,500000
17,500000
17,500000
17,500000
17,500000
17,500000
18,200000
18,200000
18,200000
9,100000
9,100000
9,100000
9,100000
9,120000
9,120000
9,120000
14,400000
14,400000
14,400000
14,400000
14,400000
14,400000
8,700000
8,700000
8,700000
8,700000
8,700000
8,700000
19,140000
9,100000
34,000000
34,000000
34,000000
34,000000
34,000000
34,000000
34,000000
34,000000
34,000000
20,000000
20,000000
20,000000
20,000000
20,000000
20,000000
20,000000
20,000000
20,000000
20,000000
20,000000
20,000000
20,000000
20,000000
20,000000
20,000000
20,000000
20,000000
20,000000
123,500000
123,500000
123,500000
49,000000
49,000000
36,000000
36,000000
36,000000
44,900000
44,900000
44,900000
44,900000
64,900000
64,900000
99,000000
99,000000
99,000000
99,000000
65,000000
65,000000
99,000000
39,000000
39,000000
39,000000
39,000000
29,000000
29,000000
29,000000
29,000000
29,000000
29,000000
25,000000
25,000000
25,000000
25,000000
25,000000
25,000000
29,000000
29,000000
29,000000
29,000000
29,000000
29,000000
29,000000
23,000000
23,000000
23,000000
23,000000
23,000000
23,000000
119,000000
119,000000
119,000000
119,000000
119,000000
119,000000
79,500000
79,500000
79,500000
79,500000
164,000000
49,000000
49,000000
49,000000
49,000000
49,000000
49,000000
49,000000
37,000000
37,000000
37,000000
37,000000
37,000000
37,000000
37,000000
15,000000
15,000000
15,000000
15,000000
15,000000
15,000000
15,000000
33,000000
33,000000
33,000000
33,000000
33,000000
33,000000
69,000000
69,000000
69,000000
69,000000
69,000000
69,000000
69,000000
55,000000
55,000000
55,000000
55,000000
55,000000
55,000000
59,000000
59,000000
59,000000
59,000000
95,000000
26,000000
26,000000
26,000000
26,000000
26,000000
26,000000
26,000000
26,000000
26,000000
26,000000
26,000000
19,000000
19,000000
19,000000
19,000000
19,000000
19,000000
19,000000
19,000000
19,000000
50,000000
50,000000
50,000000
50,000000
50,000000
50,000000
50,000000
50,000000
9,900000
9,900000
9,900000
9,900000
9,900000
9,900000
9,900000
9,900000
9,900000
9,900000
39,000000
39,000000
39,000000
39,000000
39,000000
39,000000
39,000000
39,000000
73,000000
73,000000
73,000000
73,000000
99,000000
99,000000
35,000000
55,000000
65,000000
75,000000
35,000000
55,000000
65,000000
75,000000
35,000000
55,000000
65,000000
75,000000
29,000000
39,000000
49,000000
59,000000
59,000000
29,000000
39,000000
49,000000
59,000000
29,000000
49,000000
59,000000
35,000000
55,000000
65,000000
75,000000
168,000000
168,000000
27,800000
24,900000
35,200000
39,800000
45,800000
11,500000
8,500000
99,000000
99,000000
99,000000
99,000000
99,000000
46,000000
12,000000
37,900000
37,900000
37,900000
37,900000
37,900000
67,000000
37,900000
49,000000
67,000000
139,000000
97,000000
74,900000
74,900000
59,000000
89,900000
82,000000
79,900000
105,000000
69,900000
119,000000
109,000000
44,900000
67,000000
87,000000
49,000000
49,000000
62,000000
49,000000
87,900000
99,000000
205,000000
259,900000
144,900000
265,000000
164,900000
195,000000
152,000000
257,000000
89,000000
59,000000
59,000000
59,000000
59,000000
-----------------------------------


list of final prices with respect to current product codes from site

-----------------------------------
1,310000
1,310000
1,310000
1,310000
1,310000
1,310000
1,310000
1,310000
1,310000
1,310000
1,310000
1,310000
1,310000
1,660000
1,660000
1,660000
1,660000
1,660000
1,660000
1,660000
1,700000
1,700000
1,700000
1,700000
1,700000
1,700000
1,700000
1,700000
1,700000
2,310000
2,310000
2,310000
2,310000
2,310000
2,310000
2,310000
2,970000
3,830000
3,830000
3,830000
3,830000
3,830000
3,830000
4,170000
4,170000
4,170000
4,170000
4,170000
4,170000
4,170000
4,170000
4,170000
4,170000
4,170000
4,170000
4,170000
4,170000
4,170000
4,170000
4,170000
4,170000
4,170000
4,170000
4,170000
4,170000
4,170000
4,170000
4,170000
4,460000
4,460000
4,460000
4,460000
4,460000
4,460000
4,460000
4,460000
4,460000
4,460000
4,460000
4,460000
4,460000
4,800000
4,800000
4,800000
4,800000
4,800000
4,800000
4,900000
5,020000
5,020000
5,020000
5,020000
5,020000
5,020000
5,020000
5,020000
5,020000
5,020000
5,020000
5,020000
5,020000
5,020000
5,020000
5,020000
5,020000
5,020000
5,020000
5,020000
5,020000
5,020000
5,020000
5,020000
5,270000
5,270000
5,270000
5,270000
5,270000
5,270000
5,270000
5,530000
5,530000
5,530000
5,530000
5,530000
5,530000
5,530000
5,530000
5,530000
5,530000
5,530000
5,530000
5,530000
5,530000
5,530000
5,530000
5,530000
5,600000
5,600000
5,600000
5,600000
5,600000
5,600000
5,600000
5,600000
5,700000
5,700000
5,700000
5,700000
5,700000
5,700000
5,900000
6,040000
6,040000
6,040000
6,040000
6,040000
6,200000
6,200000
6,200000
6,200000
6,200000
6,200000
6,200000
6,200000
6,200000
6,200000
6,200000
6,200000
6,200000
7,000000
7,400000
7,480000
7,560000
7,560000
7,560000
7,560000
7,560000
7,600000
7,600000
7,600000
7,600000
8,100000
8,100000
8,100000
8,100000
8,100000
8,420000
8,420000
8,420000
8,420000
8,420000
8,420000
8,420000
8,420000
8,420000
9,000000
9,000000
9,000000
9,000000
9,000000
9,000000
9,000000
9,000000
9,000000
9,180000
9,180000
9,180000
9,180000
9,180000
9,180000
9,270000
9,270000
9,270000
9,270000
9,270000
9,270000
9,270000
9,270000
9,270000
9,270000
9,270000
9,270000
9,270000
9,270000
9,270000
9,270000
9,270000
9,270000
9,270000
9,270000
9,270000
9,270000
9,270000
9,270000
9,270000
9,780000
9,780000
9,780000
9,780000
9,780000
9,780000
9,780000
9,780000
9,780000
9,780000
9,780000
9,780000
9,780000
9,780000
9,780000
9,780000
9,900000
9,900000
9,900000
9,900000
9,900000
9,900000
10,030000
10,030000
10,030000
10,030000
10,030000
10,030000
10,030000
10,030000
10,030000
10,030000
10,120000
10,120000
10,120000
10,120000
10,120000
10,300000
10,300000
10,540000
10,540000
10,540000
10,540000
10,540000
10,540000
10,540000
10,540000
10,540000
10,540000
10,540000
10,600000
10,710000
10,710000
10,710000
10,710000
10,830000
11,130000
11,130000
11,130000
11,140000
11,140000
11,140000
11,140000
11,140000
11,140000
11,140000
11,140000
11,140000
11,590000
11,600000
11,650000
11,650000
11,650000
11,650000
11,650000
11,650000
11,650000
11,650000
11,650000
11,650000
11,650000
11,650000
11,650000
11,650000
11,650000
11,650000
11,650000
11,650000
11,650000
11,650000
11,650000
11,650000
11,650000
11,650000
11,650000
11,650000
11,700000
11,700000
11,700000
11,800000
11,800000
11,800000
11,800000
11,800000
11,820000
11,820000
11,820000
12,000000
12,160000
12,160000
12,160000
12,200000
12,200000
12,200000
12,300000
12,300000
12,300000
12,300000
12,300000
12,300000
12,300000
12,300000
12,300000
12,300000
12,300000
12,300000
12,300000
12,300000
12,300000
12,330000
12,330000
12,330000
12,330000
12,330000
12,330000
12,330000
12,330000
12,330000
12,330000
12,330000
12,330000
12,330000
12,600000
12,600000
12,600000
12,730000
12,730000
12,730000
12,730000
12,730000
12,730000
12,840000
13,000000
13,300000
13,300000
13,900000
13,900000
13,950000
13,950000
13,950000
13,950000
13,950000
14,100000
14,100000
14,100000
14,100000
14,240000
14,240000
14,240000
14,800000
14,800000
14,880000
14,880000
14,880000
14,880000
14,880000
14,880000
14,880000
14,880000
14,880000
14,880000
14,880000
14,880000
14,880000
14,880000
14,880000
14,880000
14,880000
14,880000
14,880000
14,880000
14,880000
14,880000
14,880000
14,880000
14,880000
14,880000
14,880000
14,880000
14,880000
14,880000
14,880000
14,880000
14,880000
14,900000
15,000000
15,000000
15,000000
15,000000
15,000000
15,000000
15,000000
15,130000
15,130000
15,130000
15,130000
15,130000
15,130000
15,130000
15,130000
15,300000
15,400000
15,470000
15,470000
15,470000
15,500000
15,750000
15,750000
15,750000
15,750000
15,750000
15,750000
15,750000
15,750000
15,800000
15,800000
15,800000
15,800000
15,800000
15,800000
15,800000
15,920000
15,980000
15,980000
15,980000
15,980000
15,980000
15,980000
16,000000
16,000000
16,000000
16,000000
16,000000
16,000000
16,060000
16,060000
16,060000
16,300000
16,300000
16,300000
16,300000
16,900000
16,900000
16,900000
16,900000
16,900000
16,900000
16,900000
17,000000
17,000000
17,000000
17,000000
17,000000
17,000000
17,000000
17,000000
17,000000
17,000000
17,000000
17,000000
17,000000
17,000000
17,000000
17,000000
17,000000
17,000000
17,000000
17,000000
17,000000
17,000000
17,000000
17,000000
17,000000
17,000000
17,000000
17,000000
17,000000
17,000000
17,000000
17,100000
17,100000
17,100000
17,100000
17,100000
17,170000
17,170000
17,170000
17,170000
17,170000
17,170000
17,170000
17,260000
17,500000
17,850000
17,850000
17,850000
17,850000
17,850000
17,850000
17,850000
17,850000
17,850000
17,850000
17,850000
17,850000
17,850000
17,850000
17,850000
17,850000
17,850000
17,850000
17,850000
17,850000
17,850000
17,850000
17,850000
17,850000
17,900000
18,000000
18,000000
18,000000
18,000000
18,620000
18,620000
18,620000
18,700000
18,700000
18,700000
18,700000
18,700000
18,700000
18,700000
18,700000
18,700000
18,900000
18,900000
19,000000
19,000000
19,000000
19,000000
19,000000
19,000000
19,000000
19,000000
19,000000
19,000000
19,000000
19,000000
19,000000
19,000000
19,000000
19,000000
19,000000
19,000000
19,200000
19,200000
19,200000
19,200000
19,200000
19,200000
19,200000
19,200000
19,300000
19,550000
19,550000
19,550000
19,550000
19,550000
19,550000
19,550000
19,550000
19,550000
19,550000
19,550000
19,550000
19,550000
19,550000
19,550000
19,550000
19,550000
19,550000
19,550000
19,550000
19,550000
19,550000
19,550000
19,600000
19,600000
19,600000
19,720000
19,720000
19,720000
19,720000
19,720000
19,720000
19,720000
19,720000
19,720000
19,720000
19,720000
19,720000
19,720000
19,720000
19,720000
19,720000
19,720000
19,720000
19,720000
19,720000
19,720000
19,720000
19,720000
19,720000
19,720000
19,720000
19,720000
19,800000
19,800000
19,800000
19,800000
19,800000
19,800000
19,800000
19,800000
19,800000
19,800000
19,800000
19,900000
19,900000
20,000000
20,000000
20,000000
20,000000
20,000000
20,000000
20,000000
20,000000
20,000000
20,320000
20,320000
20,320000
20,400000
20,400000
20,400000
20,400000
20,400000
20,400000
20,400000
20,400000
20,400000
20,640000
20,640000
20,640000
20,640000
20,700000
20,700000
20,700000
20,700000
20,830000
20,830000
20,830000
20,830000
20,830000
20,830000
20,830000
21,000000
21,000000
21,000000
21,000000
21,000000
21,250000
21,280000
21,280000
21,280000
21,280000
21,280000
21,280000
21,280000
21,300000
21,300000
21,300000
21,600000
21,600000
21,600000
21,600000
21,600000
21,600000
21,700000
21,700000
21,700000
21,900000
22,000000
22,000000
22,000000
22,000000
22,000000
22,000000
22,000000
22,100000
22,100000
22,100000
22,100000
22,100000
22,100000
22,100000
22,100000
22,100000
22,100000
22,100000
22,100000
22,100000
22,100000
22,100000
22,100000
22,100000
22,100000
22,100000
22,100000
22,100000
22,100000
22,100000
22,100000
22,400000
22,400000
22,500000
22,500000
22,500000
22,500000
22,500000
22,500000
22,750000
22,750000
22,750000
22,750000
22,750000
22,750000
22,750000
22,750000
22,750000
22,750000
22,750000
22,750000
22,750000
22,750000
22,750000
22,750000
22,750000
22,750000
22,750000
22,750000
22,750000
22,750000
22,750000
22,750000
22,750000
22,750000
22,750000
22,750000
22,750000
22,750000
22,750000
22,750000
22,750000
22,750000
22,750000
22,780000
22,780000
22,780000
22,780000
22,780000
22,780000
22,780000
22,780000
22,780000
22,780000
22,780000
22,780000
22,780000
22,780000
22,780000
22,780000
22,780000
22,780000
22,780000
22,780000
22,780000
22,780000
22,780000
22,780000
22,780000
22,780000
22,780000
22,950000
22,950000
22,950000
22,950000
22,950000
23,000000
23,000000
23,000000
23,100000
23,100000
23,100000
23,100000
23,100000
23,100000
23,400000
23,400000
23,400000
23,400000
23,400000
23,400000
23,400000
23,400000
23,400000
23,400000
23,710000
23,710000
23,710000
23,710000
23,710000
23,710000
23,710000
23,800000
23,800000
23,800000
23,800000
23,800000
23,800000
23,800000
23,800000
23,900000
23,900000
23,900000
23,900000
24,000000
24,000000
24,000000
24,000000
24,000000
24,000000
24,000000
24,000000
24,000000
24,000000
24,000000
24,000000
24,300000
24,300000
24,300000
24,300000
24,400000
24,400000
24,400000
24,400000
24,400000
24,400000
24,400000
24,500000
24,500000
24,500000
24,500000
24,500000
24,500000
24,500000
24,500000
24,500000
24,500000
24,500000
24,650000
24,650000
24,650000
24,650000
24,650000
24,650000
24,650000
24,650000
24,650000
24,650000
24,650000
24,650000
24,650000
24,650000
24,650000
24,650000
24,650000
24,650000
24,650000
24,650000
24,650000
24,650000
24,650000
24,650000
24,900000
24,900000
24,900000
24,900000
24,900000
24,900000
24,900000
24,900000
24,900000
24,900000
24,900000
24,900000
24,990000
24,990000
24,990000
24,990000
24,990000
24,990000
24,990000
24,990000
24,990000
24,990000
24,990000
24,990000
24,990000
25,000000
25,000000
25,000000
25,000000
25,000000
25,000000
25,000000
25,000000
25,000000
25,000000
25,000000
25,000000
25,000000
25,000000
25,000000
25,000000
25,000000
25,070000
25,070000
25,070000
25,070000
25,070000
25,070000
25,070000
25,070000
25,070000
25,070000
25,070000
25,200000
25,200000
25,200000
25,200000
25,200000
25,200000
25,200000
25,200000
25,200000
25,200000
25,200000
25,200000
25,200000
25,200000
25,200000
25,200000
25,200000
25,330000
25,330000
25,330000
25,330000
25,420000
25,840000
25,840000
25,840000
25,840000
25,840000
25,840000
25,840000
25,840000
26,000000
26,000000
26,000000
26,000000
26,000000
26,000000
26,000000
26,000000
26,000000
26,000000
26,000000
26,000000
26,000000
26,000000
26,100000
26,100000
26,100000
26,100000
26,100000
26,100000
26,100000
26,500000
26,600000
26,900000
26,900000
26,900000
26,900000
26,900000
27,000000
27,000000
27,000000
27,000000
27,200000
27,200000
27,200000
27,300000
27,300000
27,300000
27,300000
27,500000
27,880000
27,880000
27,880000
27,880000
27,880000
27,900000
27,900000
27,900000
28,000000
28,000000
28,000000
28,000000
28,000000
28,000000
28,000000
28,000000
28,000000
28,000000
28,000000
28,000000
28,000000
28,900000
29,000000
29,000000
29,000000
29,000000
29,000000
29,000000
29,000000
29,000000
29,000000
29,000000
29,000000
29,000000
29,000000
29,000000
29,000000
29,000000
29,000000
29,000000
29,000000
29,000000
29,000000
29,000000
29,000000
29,000000
29,000000
29,000000
29,000000
29,000000
29,000000
29,000000
29,000000
29,000000
29,000000
29,000000
29,240000
29,240000
29,240000
29,240000
29,240000
29,240000
29,240000
29,240000
29,240000
29,240000
29,240000
29,240000
29,240000
29,240000
29,240000
29,240000
29,240000
29,240000
29,240000
29,240000
29,240000
29,240000
29,240000
29,240000
29,240000
29,240000
29,240000
29,240000
29,240000
29,240000
29,240000
29,240000
29,240000
29,240000
29,240000
29,240000
29,240000
29,240000
29,240000
29,240000
29,240000
29,250000
29,400000
29,400000
29,400000
29,440000
29,440000
29,440000
29,440000
29,440000
29,440000
29,440000
29,500000
29,580000
29,580000
29,580000
29,580000
29,580000
29,750000
29,750000
29,750000
29,750000
29,750000
29,750000
29,750000
29,750000
29,750000
29,750000
29,750000
29,750000
29,750000
29,750000
29,750000
29,750000
29,750000
29,750000
29,750000
29,750000
29,750000
29,750000
29,750000
29,750000
29,750000
29,750000
29,750000
29,750000
29,750000
29,750000
29,750000
29,750000
29,750000
29,750000
29,750000
29,750000
29,750000
29,750000
29,750000
29,900000
29,900000
29,900000
29,900000
29,900000
29,900000
30,000000
30,000000
30,000000
30,000000
30,000000
30,000000
30,000000
30,000000
30,000000
30,000000
30,000000
30,000000
30,720000
30,720000
30,720000
30,940000
30,940000
30,940000
30,940000
30,940000
30,940000
30,940000
31,200000
31,200000
31,200000
31,450000
31,500000
31,500000
31,500000
31,500000
31,500000
31,500000
31,500000
31,500000
31,500000
31,500000
31,500000
31,500000
31,500000
31,500000
31,500000
31,500000
31,500000
31,500000
31,790000
31,790000
31,790000
31,790000
31,790000
31,790000
31,790000
31,790000
31,790000
31,850000
31,850000
32,000000
32,000000
32,000000
32,000000
32,000000
32,000000
32,000000
32,000000
32,000000
32,000000
32,000000
32,000000
32,000000
32,000000
32,000000
32,000000
32,000000
32,040000
32,040000
32,050000
32,050000
32,050000
32,300000
32,300000
32,300000
32,300000
32,300000
32,300000
32,300000
32,300000
32,300000
32,300000
32,300000
32,300000
32,300000
32,300000
32,300000
32,300000
32,300000
32,300000
32,300000
32,300000
32,300000
32,300000
32,300000
32,300000
32,300000
32,300000
32,300000
32,300000
32,300000
32,300000
32,300000
32,300000
32,300000
32,300000
32,300000
32,300000
32,300000
32,300000
32,300000
32,300000
32,300000
32,300000
32,300000
32,300000
32,300000
32,300000
32,300000
32,300000
32,300000
32,300000
32,300000
32,300000
32,300000
32,300000
32,300000
32,300000
32,300000
32,300000
32,300000
32,300000
32,300000
32,300000
32,300000
32,300000
32,300000
32,400000
32,900000
32,900000
32,900000
32,900000
32,900000
32,900000
32,900000
33,000000
33,000000
33,000000
33,000000
33,000000
33,100000
33,100000
33,100000
33,150000
33,150000
33,150000
33,150000
33,150000
33,150000
33,150000
33,150000
33,150000
33,150000
33,150000
33,150000
33,150000
33,150000
33,150000
33,150000
33,150000
33,150000
33,150000
33,150000
33,150000
33,150000
33,150000
33,150000
33,150000
33,150000
33,150000
33,150000
33,150000
33,150000
33,150000
33,150000
33,150000
33,150000
33,150000
33,150000
33,200000
33,200000
33,500000
33,830000
33,830000
33,830000
33,830000
33,830000
33,830000
33,830000
33,830000
33,830000
33,830000
33,830000
33,830000
33,830000
33,830000
33,830000
33,830000
33,830000
33,830000
33,830000
33,830000
33,830000
33,830000
33,900000
33,900000
33,910000
33,910000
33,910000
33,910000
33,910000
33,910000
33,920000
33,920000
33,920000
34,000000
34,000000
34,000000
34,000000
34,000000
34,000000
34,000000
34,000000
34,000000
34,000000
34,000000
34,000000
34,000000
34,000000
34,000000
34,000000
34,200000
34,200000
34,200000
34,200000
34,200000
34,200000
34,200000
34,200000
34,200000
34,200000
34,300000
34,300000
34,300000
34,300000
34,300000
34,300000
34,300000
34,300000
34,300000
34,300000
34,510000
34,510000
34,510000
34,510000
34,510000
34,510000
34,900000
34,900000
34,900000
34,900000
34,900000
34,900000
34,900000
35,000000
35,000000
35,000000
35,000000
35,000000
35,000000
35,000000
35,000000
35,000000
35,000000
35,000000
35,000000
35,000000
35,000000
35,000000
35,000000
35,000000
35,000000
35,000000
35,000000
35,000000
35,000000
35,000000
35,000000
35,000000
35,000000
35,000000
35,000000
35,000000
35,000000
35,000000
35,000000
35,000000
35,000000
35,000000
35,000000
35,000000
35,000000
35,000000
35,100000
35,100000
35,100000
35,100000
35,700000
35,700000
35,700000
35,700000
35,700000
35,700000
36,000000
36,000000
36,000000
36,000000
36,000000
36,000000
36,000000
36,040000
36,040000
36,040000
36,040000
36,040000
36,040000
36,040000
36,040000
36,400000
36,810000
36,810000
36,810000
36,810000
36,810000
36,810000
36,810000
36,810000
36,810000
36,810000
36,810000
36,810000
36,810000
36,810000
36,810000
36,810000
36,810000
36,810000
36,810000
36,810000
36,810000
36,810000
36,810000
36,810000
36,810000
36,810000
36,810000
36,900000
36,900000
36,900000
36,900000
36,900000
37,000000
37,000000
37,000000
37,040000
37,040000
37,100000
37,100000
37,310000
37,310000
37,310000
37,310000
37,310000
37,400000
37,400000
37,400000
37,400000
37,400000
37,400000
37,400000
37,400000
37,400000
37,400000
37,400000
37,400000
37,400000
37,400000
37,400000
37,400000
37,400000
37,400000
37,400000
37,400000
37,400000
37,400000
37,400000
37,400000
37,400000
37,400000
37,400000
37,400000
37,400000
37,400000
37,400000
37,400000
37,400000
37,400000
37,400000
37,400000
37,400000
37,400000
37,400000
37,400000
37,400000
37,400000
37,400000
37,400000
37,400000
37,400000
37,400000
37,400000
37,400000
37,400000
37,400000
37,400000
37,400000
37,400000
37,400000
37,400000
37,400000
37,400000
37,740000
37,740000
37,740000
37,740000
37,740000
37,740000
37,740000
37,740000
37,800000
37,800000
37,800000
37,800000
37,800000
37,800000
37,800000
37,800000
38,000000
38,000000
38,000000
38,000000
38,000000
38,000000
38,000000
38,000000
38,000000
38,250000
38,250000
38,250000
38,250000
38,500000
38,500000
38,500000
38,500000
38,500000
38,500000
38,500000
38,700000
38,700000
38,700000
38,700000
38,700000
38,700000
38,700000
38,700000
38,700000
38,700000
38,800000
38,800000
38,800000
38,800000
38,800000
38,800000
38,800000
39,000000
39,000000
39,000000
39,000000
39,000000
39,000000
39,000000
39,000000
39,000000
39,000000
39,000000
39,000000
39,000000
39,000000
39,000000
39,000000
39,000000
39,000000
39,000000
39,000000
39,000000
39,000000
39,000000
39,000000
39,000000
39,000000
39,000000
39,000000
39,000000
39,000000
39,000000
39,000000
39,000000
39,000000
39,000000
39,000000
39,000000
39,000000
39,000000
39,000000
39,000000
39,000000
39,000000
39,000000
39,000000
39,000000
39,000000
39,000000
39,100000
39,100000
39,100000
39,100000
39,100000
39,100000
39,100000
39,100000
39,100000
39,100000
39,100000
39,100000
39,100000
39,100000
39,100000
39,100000
39,100000
39,100000
39,100000
39,100000
39,100000
39,100000
39,100000
39,100000
39,100000
39,100000
39,100000
39,100000
39,100000
39,100000
39,100000
39,200000
39,200000
39,200000
39,200000
39,200000
39,200000
39,200000
39,200000
39,900000
39,900000
39,900000
40,000000
40,000000
40,000000
40,000000
40,000000
40,000000
40,000000
40,000000
40,000000
40,000000
40,000000
40,000000
40,100000
40,210000
40,210000
40,210000
40,380000
40,380000
40,500000
40,500000
40,500000
40,500000
40,500000
40,500000
40,500000
40,500000
40,500000
40,600000
40,600000
40,600000
40,600000
40,800000
40,800000
40,800000
40,800000
40,800000
40,800000
40,800000
40,800000
40,800000
40,800000
40,800000
40,800000
40,800000
40,800000
40,800000
40,800000
40,800000
40,800000
40,800000
40,800000
40,800000
40,800000
40,800000
40,800000
40,800000
41,000000
41,650000
41,650000
41,650000
41,650000
41,650000
41,650000
41,650000
41,650000
41,650000
41,650000
41,650000
41,650000
41,650000
41,650000
41,800000
42,000000
42,000000
42,000000
42,000000
42,000000
42,000000
42,000000
42,000000
42,000000
42,000000
42,000000
42,000000
42,000000
42,000000
42,000000
42,000000
42,000000
42,000000
42,160000
42,160000
42,330000
42,330000
42,330000
42,330000
42,330000
42,500000
43,000000
43,350000
43,350000
43,350000
43,350000
43,350000
43,350000
43,350000
43,350000
43,350000
43,350000
43,350000
43,350000
43,350000
43,350000
43,350000
43,350000
43,350000
43,350000
43,350000
43,350000
43,350000
43,700000
43,700000
44,000000
44,000000
44,000000
44,000000
44,000000
44,000000
44,000000
44,000000
44,000000
44,000000
44,100000
44,100000
44,100000
44,100000
44,100000
44,100000
44,100000
44,100000
44,100000
44,100000
44,100000
44,100000
44,100000
44,100000
44,100000
44,100000
44,100000
44,100000
44,100000
44,100000
44,200000
44,200000
44,200000
44,200000
44,200000
44,200000
44,200000
44,200000
44,200000
44,200000
44,200000
44,200000
44,700000
44,700000
44,700000
44,710000
44,710000
44,710000
44,710000
44,710000
44,800000
44,800000
44,900000
45,000000
45,000000
45,000000
45,000000
45,000000
45,000000
45,000000
45,000000
45,000000
45,000000
45,000000
45,000000
45,000000
45,000000
45,000000
45,000000
45,000000
45,000000
45,000000
45,000000
45,000000
45,000000
45,000000
45,000000
45,000000
45,000000
45,000000
45,000000
45,000000
45,000000
45,000000
45,000000
45,000000
45,000000
45,000000
45,000000
45,000000
45,000000
45,000000
46,000000
46,300000
46,300000
46,300000
46,300000
46,300000
46,300000
46,320000
46,320000
46,320000
46,320000
46,320000
46,320000
46,320000
46,320000
46,320000
46,320000
46,320000
46,400000
46,400000
46,400000
47,000000
47,200000
47,200000
47,200000
47,350000
47,350000
47,500000
47,520000
47,520000
47,700000
47,700000
47,700000
47,700000
47,940000
47,940000
47,940000
47,940000
47,940000
48,000000
48,000000
48,000000
48,000000
48,000000
48,000000
48,000000
48,000000
48,030000
48,030000
48,030000
48,030000
48,030000
48,030000
48,110000
48,110000
48,110000
48,110000
48,110000
48,110000
48,110000
48,110000
48,110000
48,300000
48,300000
48,450000
48,450000
48,450000
48,450000
48,450000
48,450000
48,450000
48,450000
48,450000
48,450000
48,450000
48,600000
48,600000
48,600000
48,600000
49,000000
49,000000
49,000000
49,000000
49,000000
49,000000
49,000000
49,000000
49,000000
49,000000
49,000000
49,000000
49,000000
49,000000
49,000000
49,000000
49,000000
49,000000
49,000000
49,000000
49,000000
49,000000
49,000000
49,000000
49,000000
49,000000
49,000000
49,000000
49,000000
49,000000
49,000000
49,000000
49,000000
49,000000
49,000000
49,000000
49,000000
49,000000
49,000000
49,000000
49,000000
49,000000
49,040000
49,040000
49,040000
49,040000
49,040000
49,040000
49,040000
49,040000
49,040000
49,040000
49,040000
49,040000
49,040000
49,050000
49,050000
49,050000
49,050000
49,050000
49,050000
49,050000
49,050000
49,050000
49,050000
49,050000
49,300000
49,300000
49,300000
49,300000
49,300000
49,400000
49,730000
49,730000
49,730000
49,810000
49,810000
49,980000
49,980000
49,980000
50,150000
50,150000
50,150000
50,400000
50,400000
50,400000
50,400000
50,400000
50,400000
50,400000
50,400000
50,400000
50,400000
50,400000
50,400000
50,400000
50,500000
50,500000
50,500000
50,500000
50,500000
50,500000
50,500000
50,500000
50,500000
50,570000
50,570000
50,570000
50,570000
50,570000
50,570000
50,570000
50,570000
50,570000
50,570000
50,570000
50,570000
50,570000
50,570000
50,570000
50,830000
50,830000
50,830000
51,000000
51,850000
51,850000
51,850000
51,850000
51,850000
51,850000
51,850000
51,850000
51,850000
51,850000
51,850000
52,000000
52,000000
52,000000
52,000000
52,000000
52,000000
52,000000
52,000000
52,000000
52,000000
52,000000
52,000000
52,000000
52,070000
52,070000
52,070000
52,070000
52,070000
52,070000
52,070000
52,070000
52,070000
52,070000
52,070000
52,200000
52,200000
52,700000
52,700000
52,700000
52,700000
52,700000
52,700000
52,700000
52,700000
52,700000
52,700000
52,700000
52,700000
52,700000
52,700000
52,700000
52,700000
52,700000
52,700000
52,700000
52,700000
52,700000
52,700000
52,700000
52,700000
52,700000
52,700000
52,700000
52,700000
52,700000
52,700000
52,700000
52,700000
52,700000
52,700000
52,700000
52,700000
52,700000
53,000000
53,000000
53,000000
53,040000
53,040000
53,040000
53,040000
53,040000
53,040000
53,040000
53,040000
53,040000
53,040000
53,040000
53,040000
53,040000
53,040000
53,040000
53,040000
53,040000
53,040000
53,040000
53,040000
53,040000
53,040000
53,040000
53,040000
53,040000
53,040000
53,040000
53,380000
53,380000
53,380000
53,380000
53,380000
53,380000
53,380000
53,900000
53,900000
53,900000
53,940000
53,940000
53,940000
53,940000
54,000000
54,000000
54,000000
54,600000
54,600000
55,000000
55,000000
55,000000
55,000000
55,000000
55,000000
55,000000
55,000000
55,000000
55,000000
55,600000
55,600000
55,600000
55,670000
55,670000
55,670000
55,670000
55,670000
56,000000
56,100000
56,100000
56,100000
56,100000
56,100000
56,100000
56,100000
56,100000
56,100000
56,100000
56,100000
56,100000
56,100000
56,100000
56,100000
56,100000
56,100000
56,100000
56,100000
56,100000
56,100000
56,100000
56,100000
56,100000
56,520000
56,520000
56,520000
56,700000
56,700000
56,700000
56,700000
56,700000
56,950000
56,950000
56,950000
56,950000
56,950000
56,950000
57,000000
57,000000
57,000000
57,000000
57,000000
57,400000
57,400000
57,400000
57,400000
57,400000
57,400000
57,400000
57,400000
57,400000
57,400000
57,400000
57,400000
57,400000
57,600000
58,000000
58,220000
58,220000
58,220000
58,220000
58,220000
58,220000
58,220000
58,220000
58,220000
58,220000
58,220000
58,500000
58,500000
58,500000
58,500000
58,500000
58,500000
58,500000
58,500000
58,500000
58,500000
58,500000
58,500000
58,500000
58,500000
58,500000
58,500000
58,500000
58,500000
58,500000
58,500000
58,500000
58,500000
58,500000
58,500000
58,500000
58,500000
58,500000
58,500000
58,500000
58,500000
58,500000
58,500000
58,500000
58,500000
58,500000
59,000000
59,000000
59,000000
59,000000
59,000000
59,000000
59,000000
59,000000
59,000000
59,000000
59,000000
59,000000
59,000000
59,000000
59,000000
59,000000
59,000000
59,000000
59,000000
59,000000
59,000000
59,000000
59,000000
59,000000
59,000000
59,000000
59,000000
59,000000
59,000000
59,000000
59,000000
59,000000
59,000000
59,000000
59,200000
59,330000
59,330000
59,330000
59,330000
60,000000
60,000000
60,000000
60,000000
60,000000
60,000000
60,000000
60,000000
60,000000
60,000000
60,000000
60,000000
60,000000
60,900000
61,200000
61,200000
61,200000
61,200000
61,200000
61,200000
61,200000
61,200000
61,500000
62,050000
62,050000
62,050000
62,050000
62,050000
62,050000
62,050000
62,050000
62,050000
62,050000
62,050000
62,050000
62,050000
62,050000
62,050000
62,050000
62,050000
62,050000
62,050000
62,050000
62,050000
62,050000
62,050000
62,050000
62,050000
62,050000
62,050000
62,050000
62,050000
62,050000
62,050000
62,050000
62,050000
62,050000
62,050000
62,050000
62,050000
62,050000
62,050000
62,050000
62,050000
62,300000
62,300000
62,300000
62,300000
62,300000
62,300000
62,300000
62,300000
62,300000
62,300000
63,000000
63,000000
63,490000
63,490000
63,490000
63,490000
63,490000
63,490000
63,490000
63,490000
63,490000
63,600000
63,700000
64,000000
64,000000
64,600000
64,600000
64,600000
64,600000
65,000000
65,000000
65,000000
65,000000
65,000000
65,000000
65,000000
65,000000
65,000000
65,000000
65,000000
65,000000
65,000000
65,000000
65,000000
65,000000
65,000000
65,000000
65,000000
65,000000
65,380000
65,380000
66,000000
66,000000
66,500000
66,500000
66,500000
66,500000
66,500000
66,500000
66,500000
67,000000
67,000000
67,000000
67,200000
67,200000
68,000000
68,000000
68,000000
68,000000
68,000000
68,000000
68,000000
68,000000
68,000000
68,000000
68,000000
68,000000
68,000000
68,000000
68,000000
68,000000
68,000000
68,000000
68,000000
68,000000
68,000000
68,000000
68,000000
68,000000
68,000000
68,000000
68,000000
68,000000
68,000000
68,000000
68,000000
68,000000
68,060000
68,400000
68,400000
68,400000
68,400000
68,400000
68,400000
68,400000
68,400000
68,400000
68,400000
68,600000
68,600000
68,600000
68,800000
69,000000
69,000000
69,000000
69,000000
69,000000
69,000000
69,000000
69,000000
69,000000
69,000000
69,000000
69,000000
69,000000
69,000000
69,000000
69,000000
69,000000
69,000000
69,000000
69,000000
69,000000
69,000000
69,000000
69,000000
69,000000
69,000000
69,000000
69,000000
69,000000
69,000000
69,000000
69,000000
69,000000
69,300000
69,300000
69,300000
69,300000
69,300000
69,300000
69,300000
69,300000
69,300000
69,700000
69,700000
69,700000
69,700000
69,700000
69,700000
69,700000
69,700000
69,700000
69,700000
69,700000
70,000000
70,000000
70,000000
70,000000
70,970000
70,970000
70,970000
71,100000
71,100000
71,100000
71,100000
71,100000
71,100000
71,200000
71,200000
71,400000
71,400000
72,200000
73,500000
73,500000
73,800000
73,800000
73,800000
74,000000
74,000000
74,000000
74,000000
75,000000
75,000000
75,000000
75,000000
75,000000
75,000000
75,000000
75,000000
75,000000
75,000000
75,000000
75,000000
75,000000
75,000000
75,000000
75,000000
75,000000
75,000000
75,000000
75,000000
75,000000
75,000000
75,000000
77,690000
77,690000
77,690000
77,770000
77,770000
77,770000
79,000000
79,000000
79,000000
79,000000
79,000000
79,000000
79,000000
79,000000
79,000000
79,000000
79,000000
79,000000
79,000000
79,000000
79,000000
79,000000
79,000000
79,000000
79,050000
79,050000
79,050000
79,050000
79,050000
79,050000
79,050000
79,050000
79,050000
79,050000
79,050000
79,050000
79,050000
79,050000
79,050000
79,050000
79,050000
79,050000
79,050000
79,050000
79,050000
79,050000
79,050000
79,050000
79,050000
79,050000
79,050000
79,800000
79,800000
79,900000
79,900000
79,900000
80,000000
80,000000
80,000000
80,100000
80,100000
80,100000
80,160000
80,160000
80,160000
80,750000
80,750000
80,750000
80,750000
80,750000
80,750000
80,750000
80,750000
80,750000
80,750000
80,750000
81,000000
81,200000
81,200000
82,400000
82,450000
82,450000
83,300000
83,300000
83,300000
83,300000
83,300000
83,300000
83,300000
83,300000
83,300000
83,300000
83,300000
83,300000
83,300000
83,300000
83,300000
83,300000
84,000000
84,000000
84,000000
84,000000
84,600000
85,000000
85,000000
85,000000
85,000000
85,000000
85,000000
85,000000
85,000000
85,000000
85,000000
85,000000
85,000000
85,000000
85,000000
85,000000
85,000000
85,000000
85,000000
85,000000
85,000000
85,600000
85,600000
87,000000
87,000000
87,300000
87,300000
89,000000
89,000000
89,000000
89,000000
89,000000
89,000000
89,000000
89,000000
89,000000
89,000000
89,000000
89,000000
89,000000
89,000000
89,000000
89,000000
89,000000
89,000000
89,000000
89,000000
89,000000
89,000000
89,000000
89,000000
89,000000
89,000000
89,000000
89,000000
89,000000
89,000000
89,000000
89,000000
89,000000
89,000000
89,100000
89,100000
89,250000
89,250000
89,250000
90,000000
90,000000
91,200000
93,000000
94,000000
94,000000
94,000000
94,000000
95,000000
95,000000
95,000000
95,000000
95,000000
95,000000
95,000000
95,000000
95,000000
95,000000
95,000000
95,000000
95,000000
95,000000
95,000000
95,000000
95,000000
95,000000
95,000000
95,000000
95,000000
96,300000
97,000000
97,000000
97,200000
97,600000
97,600000
97,600000
98,100000
98,600000
98,600000
98,600000
98,600000
98,600000
98,600000
98,600000
98,600000
99,000000
99,000000
99,000000
99,000000
99,000000
99,000000
99,000000
99,000000
99,000000
99,000000
99,000000
99,000000
99,000000
99,000000
99,000000
99,000000
99,000000
99,000000
99,000000
99,000000
99,000000
99,000000
99,000000
99,000000
99,000000
99,000000
99,000000
99,000000
100,000000
100,300000
100,300000
100,300000
100,300000
100,300000
100,300000
100,300000
100,300000
100,300000
100,300000
100,300000
100,800000
100,800000
100,800000
100,800000
100,800000
100,800000
100,800000
100,800000
100,800000
100,800000
100,800000
100,800000
103,110000
103,110000
103,110000
103,110000
103,110000
103,110000
103,110000
104,300000
104,300000
104,300000
105,000000
105,000000
105,000000
105,000000
105,000000
105,000000
105,000000
105,000000
105,000000
105,000000
105,000000
105,000000
108,000000
108,800000
108,800000
109,000000
109,000000
109,000000
109,000000
109,000000
109,000000
109,000000
109,000000
109,800000
109,800000
109,800000
110,000000
110,000000
110,000000
110,000000
110,000000
110,000000
110,000000
110,000000
110,000000
110,000000
110,000000
110,000000
110,000000
110,000000
110,000000
113,000000
114,000000
114,000000
114,000000
114,000000
115,000000
115,000000
115,000000
115,000000
115,000000
115,000000
115,000000
115,000000
115,000000
115,000000
115,000000
115,000000
115,000000
115,000000
115,000000
115,000000
115,000000
115,000000
115,000000
115,000000
115,000000
118,800000
118,800000
119,000000
119,000000
119,000000
119,000000
119,000000
119,000000
119,000000
119,000000
119,000000
119,000000
119,000000
119,000000
119,000000
119,000000
119,000000
119,000000
119,000000
119,000000
120,000000
120,700000
120,700000
120,700000
120,700000
124,000000
124,000000
125,000000
125,000000
125,000000
125,000000
125,000000
125,000000
125,000000
125,000000
125,000000
125,000000
125,000000
125,100000
125,100000
125,100000
125,100000
125,100000
125,100000
125,100000
125,100000
129,000000
129,000000
129,000000
129,000000
129,000000
129,000000
129,000000
129,000000
129,000000
129,000000
129,200000
129,200000
129,200000
129,200000
131,000000
134,100000
134,100000
134,100000
135,000000
135,000000
135,000000
135,000000
135,000000
135,000000
135,000000
135,000000
135,000000
135,000000
135,000000
135,000000
138,000000
139,000000
139,000000
139,000000
139,000000
139,000000
139,000000
139,000000
139,000000
139,000000
139,000000
139,000000
140,000000
140,000000
140,000000
142,000000
142,300000
142,300000
145,000000
145,000000
145,000000
145,000000
145,000000
147,600000
147,600000
147,600000
147,600000
147,600000
149,000000
149,000000
149,000000
149,000000
149,000000
149,000000
149,000000
149,000000
149,000000
149,000000
149,000000
149,000000
149,000000
149,000000
149,000000
149,000000
149,000000
149,000000
149,000000
149,000000
149,000000
149,000000
149,000000
150,000000
151,000000
155,000000
155,000000
155,000000
159,000000
159,000000
159,000000
159,000000
159,000000
159,000000
159,000000
159,000000
159,000000
159,000000
159,000000
159,000000
159,000000
159,000000
159,000000
159,000000
159,000000
159,000000
159,000000
159,000000
159,000000
159,000000
160,000000
161,000000
161,600000
163,000000
165,000000
165,000000
165,000000
165,000000
165,000000
165,000000
169,000000
169,000000
169,000000
169,000000
169,000000
169,000000
169,000000
169,000000
169,000000
169,000000
169,000000
169,000000
169,000000
169,000000
169,000000
169,000000
169,000000
169,000000
169,000000
169,000000
171,000000
171,000000
171,000000
175,000000
175,000000
175,000000
175,000000
178,000000
179,000000
179,000000
179,000000
179,000000
179,000000
179,000000
179,000000
179,000000
179,000000
179,000000
179,000000
179,000000
179,000000
181,000000
181,000000
181,600000
181,600000
181,600000
183,200000
183,200000
184,000000
185,000000
185,000000
185,000000
185,000000
185,000000
185,000000
185,000000
185,000000
185,000000
185,000000
189,000000
189,000000
189,000000
189,000000
189,000000
189,000000
189,000000
189,000000
189,000000
189,000000
195,000000
195,000000
195,000000
195,000000
197,000000
198,000000
198,000000
199,000000
199,000000
199,000000
199,000000
199,000000
199,000000
199,000000
199,000000
199,000000
199,000000
199,000000
199,000000
199,000000
199,000000
199,000000
199,000000
199,000000
199,000000
199,000000
199,000000
199,000000
199,000000
199,000000
199,750000
200,000000
200,000000
200,000000
205,000000
205,000000
205,000000
207,200000
209,000000
210,000000
210,000000
215,000000
215,000000
215,000000
215,000000
216,000000
219,000000
219,000000
219,000000
220,000000
220,000000
220,000000
220,000000
220,000000
221,600000
225,000000
225,000000
225,000000
225,000000
225,000000
225,000000
229,000000
229,000000
230,000000
235,000000
235,000000
239,000000
239,000000
239,000000
242,050000
242,250000
242,250000
245,000000
245,000000
249,000000
249,000000
249,000000
249,000000
249,000000
249,000000
259,000000
259,000000
265,000000
265,000000
265,000000
269,000000
269,000000
269,000000
269,000000
269,000000
269,000000
269,000000
269,000000
275,000000
275,000000
275,000000
275,000000
279,000000
279,000000
279,000000
279,000000
279,000000
287,200000
289,000000
289,000000
290,000000
293,000000
293,000000
293,000000
296,000000
296,000000
298,000000
298,000000
298,000000
299,000000
299,000000
299,000000
299,000000
299,000000
299,000000
299,000000
310,000000
310,000000
310,000000
310,000000
318,000000
327,000000
327,000000
329,000000
329,000000
336,000000
339,000000
339,000000
340,000000
349,000000
359,000000
359,000000
359,000000
369,000000
379,000000
379,000000
379,000000
379,000000
380,000000
381,400000
420,000000
429,000000
459,000000
459,000000
459,000000
499,000000
949,000000
1165,000000



















































































































































































































































































































































































































































































































































































































































































































































