12
13
14
15
16
17
18
19
20
21
22
23
24
25
26
27
28
29
30
31
32
33
34
35
36
37
38
39
40
41
42
43
44
45
46
47
48
49
50
51
52
53
54
55
56
57
58
59
60
61
62
63
64
65
66
67
68
69
70
71
72
73
74
75
76
77
78
79
80
81
82
83
84
85
86
87
88
89
90
91
92
93
94
95
96
97
98
99
100
101
102
103
104
105
106
107
108
109
110
111
112
113
114
115
116
117
118
119
120
121
122
123
124
125
126
127
128
129
130
131
132
133
134
135
136
137
138
139
140
141
142
143
144
145
146
147
148
149
150
151
152
153
154
155
156
157
158
159
160
161
162
182
183
184
186
187
188
189
190
197
198
199
200
201
202
203
204
205
206
207
208
209
210
211
212
213
214
215
216
218
223
224
225
226
227
228
233
234
235
236
237
238
239
240
241
242
243
244
245
246
247
248
249
250
251
252
253
254
255
256
257
273
274
275
276
290
291
292
293
294
295
296
297
298
299
300
301
302
303
304
305
306
307
308
309
310
311
312
313
314
315
316
317
318
319
320
321
322
323
324
325
326
327
328
329
330
331
332
333
334
335
336
337
338
339
340
341
342
343
344
345
346
347
348
349
350
351
352
353
354
355
356
357
358
359
360
361
362
363
364
365
366
367
368
369
370
371
372
373
374
375
379
380
381
383
384
385
386
387
388
389
390
391
392
393
394
395
396
397
398
399
400
409
410
411
412
413
414
416
417
418
419
420
421
422
423
424
425
426
427
428
429
430
431
434
435
436
437
438
439
440
441
442
443
444
445
446
447
448
449
450
451
452
453
454
455
456
457
458
459
460
461
469
470
471
472
473
475
476
477
478
479
480
481
483
484
486
487
488
489
491
492
493
494
495
496
497
498
499
500
501
502
503
504
505
506
507
508
510
511
512
513
514
515
516
517
518
519
520
521
522
523
524
525
526
527
528
529
530
531
532
533
534
535
536
537
538
539
540
541
542
543
544
545
546
547
548
549
550
551
552
553
554
555
556
557
558
559
560
561
562
563
564
565
566
567
568
569
570
571
572
573
574
575
576
577
578
579
580
581
582
583
584
585
586
587
588
589
590
591
592
593
594
595
596
597
598
599
600
601
602
603
604
605
606
607
608
609
610
611
612
613
614
615
616
617
618
619
620
621
622
623
624
625
626
627
628
629
630
631
632
633
634
635
636
637
638
639
640
641
642
643
644
645
646
647
648
667
668
669
670
671
672
673
674
675
676
677
678
679
680
681
682
683
684
685
686
687
688
689
690
691
692
693
694
695
696
697
698
699
700
701
702
703
704
705
706
707
708
709
710
711
712
713
714
715
716
717
718
719
720
721
722
723
724
725
726
727
728
729
735
736
737
738
739
740
741
748
749
750
751
752
753
754
755
756
757
758
759
760
761
762
763
764
765
766
767
768
769
770
771
772
773
774
775
776
777
778
779
780
781
795
796
797
798
799
800
801
802
803
804
805
806
807
808
809
810
811
812
813
814
815
816
817
818
819
820
821
822
823
824
825
826
827
828
829
830
831
832
837
838
839
840
841
842
843
844
845
846
847
848
849
850
851
852
853
854
855
856
857
858
859
860
861
862
863
864
865
866
867
868
869
870
871
872
873
874
875
876
1050
1051
1052
1053
1054
1055
1056
1057
1058
1059
1060
1061
1062
1063
1064
1065
1066
1067
1068
1069
1070
1071
1072
1073
1074
1075
1076
1077
1078
1079
1080
1081
1082
1083
1084
1085
1086
1087
1088
1089
1090
1091
1092
1093
1094
1095
1096
1097
1098
1099
1100
1101
1102
1103
1104
1105
1106
1107
1108
1109
1110
1111
1112
1113
1114
1115
1116
1117
1118
1119
1120
1121
1122
1123
1124
1125
1126
1127
1128
1129
1130
1131
1132
1133
1134
1135
1136
1137
1138
1139
1140
1141
1142
1143
1144
1145
1147
1148
1150
1151
1152
1153
1154
1155
1156
1157
1158
1159
1160
1161
1162
1163
1164
1165
1166
1167
1168
1169
1170
1171
1172
1173
1174
1175
1176
1177
1178
1179
1180
1181
1182
1183
1184
1185
1186
1187
1188
1189
1190
1191
1192
1193
1194
1195
1196
1197
1198
1199
1200
1201
1202
1203
1204
1205
1206
1207
1208
1209
1210
1211
1212
1213
1214
1215
1216
1217
1219
1220
1221
1222
1223
1224
1225
1226
1227
1228
1229
1230
1231
1232
1233
1234
1235
1236
1237
1238
1239
1240
1241
1242
1243
1244
1245
1246
1250
1252
1253
1255
1256
1257
1258
1259
1260
1261
1262
1263
1264
1265
1266
1267
1268
1269
1270
1271
1272
1273
1274
1275
1276
1277
1278
1279
1280
1281
1282
1283
1284
1285
1286
1287
1288
1289
1290
1291
1292
1293
1300
1301
1302
1303
1305
1306
1307
1308
1310
1311
1312
1313
1315
1316
1318
1320
1321
1322
1323
1325
1326
1327
1328
1330
1331
1332
1333
1335
1336
1337
1338
1340
1341
1342
1343
1345
1346
1347
1348
1354
1355
1356
1358
1360
1361
1365
1369
1370
1371
1514
1515
1516
1517
1709
1710
1711
1720
1721
1722
1723
1724
1725
1729
1730
1731
1732
1733
1734
1735
1736
1737
1738
1739
1740
1781
1782
1783
1784
1785
1786
1787
1788
1789
1790
1791
1792
1793
1794
1795
1796
2034
2035
2036
2038
2039
2040
2041
2042
2044
2045
2046
2047
2048
2050
2051
2052
2053
2054
2055
3002
3003
3004
3005
3006
3007
3008
3009
3010
3011
3012
3013
3014
3015
3016
3017
3018
3019
3020
3021
3022
3023
3024
3025
3026
3027
3028
3029
3030
3031
3032
3033
3034
3035
3036
3037
3042
3043
3044
3045
3046
3047
3052
3053
3054
3055
3056
3057
3058
3059
3060
3061
3062
3063
3064
3065
3066
3067
3068
3069
3070
3071
3072
3073
3074
3075
3076
3077
3078
3079
3080
3081
3082
3083
3091
3092
3094
3095
3096
3097
3098
3099
3100
3101
3102
3103
3104
3105
3166
3167
3171
3172
3173
3200
3202
3203
3204
3205
3206
3209
3210
3211
3213
3215
3217
3218
3219
3220
3221
3223
3224
3225
3226
3227
3228
3229
3230
3231
3232
3233
3234
3235
3236
3237
3515
3516
3517
3520
3526
3562
3572
3573
3574
3575
3600
3602
3603
3605
3700
3701
3702
3703
3704
3705
3714
3715
3716
3738
3740
3745
3800
3818
3820
3822
3825
3826
3827
3863
3864
3865
3866
3867
3868
3869
3870
3871
3872
3873
3874
5000
5001
5002
5003
5004
5005
5006
5007
5008
5009
5010
5011
5012
5013
5014
5015
5016
5017
5018
5019
5020
5021
5345
7000
7001
7002
7003
7004
7005
7006
7007
7008
7009
7010
7011
7012
7013
7014
7015
7016
7017
7018
7019
7020
8001
8002
8003
8004
8005
8006
8007
8008
8009
8010
8011
8012
8013
8014
8015
8016
8017
8018
8019
8020
8021
8022
8023
8024
8025
8026
8027
8028
8029
8030
8031
8032
8033
8034
8035
8036
8037
8038
8039
8040
8041
8042
8043
8044
8045
8046
8047
8048
8049
8050
8051
8052
8053
8054
8055
8056
8057
8058
8059
8060
8061
8062
8063
8064
8065
8066
8067
8068
8069
8070
8071
8072
8073
8074
8075
8076
8077
8078
8079
8080
8081
8082
8083
8084
8085
8086
8087
8088
8089
8090
8091
8092
8093
8094
8095
8096
8097
8098
8099
8100
8101
8102
8103
8104
8105
8106
8107
8108
8109
8110
8111
8112
8113
8114
8115
8116
8117
8118
8119
8200
8201
8202
8203
8204
8205
8206
8207
8208
8209
8210
8211
8212
8213
8214
8215
8216
8217
8218
8219
8220
8221
8222
8223
8224
8225
8226
8227
8228
8229
8230
8231
8232
8233
8234
8235
8236
8237
8238
8239
8240
8241
8242
8243
8244
8245
8246
8247
8248
8249
8250
8251
8252
8253
8254
8255
8256
8257
8258
8259
8260
8261
8262
8263
8264
8265
8266
8267
8268
8269
8270
8271
8272
8273
8274
8275
8276
8277
8278
8279
8280
8281
8282
8283
8284
8285
8286
8287
8288
8289
8290
8291
8292
8293
8294
8295
8296
8297
8299
8300
8301
8302
8303
8304
8305
8306
8307
8308
8309
8310
8311
8312
8313
8314
8315
8316
8317
8318
8319
8320
8321
8322
8323
8324
8325
8326
8327
8328
8329
8500
8501
8502
8503
8504
8505
8506
8507
8508
8509
8510
8511
8512
8513
8514
8515
8516
8517
8518
8519
8520
8521
8522
8523
8524
8525
8526
8527
8529
8530
8531
8532
8533
8534
8535
8536
8537
8538
8539
8540
8541
8542
8543
8544
8545
8546
8547
8548
8549
8550
8551
8552
8553
8554
8555
8556
8557
8558
8559
8561
8562
8563
8564
8565
8566
8567
8568
8569
8590
8591
8592
8593
8594
8595
8596
8597
8598
8599
8600
8601
8602
8603
8604
8605
8606
8607
8608
8609
8610
8611
8612
8613
8614
8615
8616
8617
8618
8619
8620
8621
8622
8623
8624
8625
8626
8627
8628
8629
8630
8631
8632
8633
8634
8635
8636
8637
8638
8639
8641
8642
8643
8644
8645
8646
8647
8648
8649
8650
8651
8652
8653
8654
8655
8656
8657
8658
8659
8660
8661
8662
8663
8664
8665
8666
8667
8668
8669
8670
8671
8672
8673
8674
8675
8676
8677
8678
8679
8680
8681
8682
8683
8684
8685
8686
8687
8688
8689
8690
8691
8692
8693
8694
8695
8696
8697
8698
8699
8700
8701
8702
8703
8704
8705
8706
8707
8708
8709
8710
8711
8712
8713
8714
8715
8716
8717
8718
8719
8720
8721
8722
8723
8724
8725
8726
8727
8728
8729
8730
8731
8732
8733
8734
8735
8736
8737
8738
8739
8740
8741
8742
8743
8744
8745
8746
8747
8748
8749
8750
8751
8752
8753
8754
8755
8756
8757
8758
8759
8760
8761
8762
8763
8999
9000
9001
9002
9003
9004
9005
9006
9007
9008
9009
9010
9011
9012
9013
9014
9015
9016
9017
9018
9019
9020
9021
9022
9023
9024
9025
9026
9027
9028
9029
9030
9031
9032
9033
9034
9035
9036
9037
9038
9039
9040
9041
9042
9043
9044
9045
9046
9047
9048
9049
9050
9051
9052
9053
9054
9055
9056
9057
9058
9059
9060
9061
9062
9063
9064
9065
9066
9067
9068
9069
9070
9071
9072
9073
9074
9075
9076
9077
9078
9079
9080
9081
9082
9083
9084
9085
9460
9461
9462
9463
9464
9465
9466
9467
9468
9469
9510
9511
9513
9514
9515
9516
9517
9518
9519
9520
9521
9522
9523
9524
9525
9526
9527
9528
9529
9530
9531
9532
9533
9534
9535
9536
12001
12002
12003
12006
12008
12009
12010
12011
12014
12015
12016
13000
13001
13002
13003
13004
13005
13006
13007
13008
13009
13010
13011
13012
13013
13022
100009
110001
110002
110003
110004
110005
110006
110007
110008
110009
110010
700022
5555555
5555556
5555557
5555558
2222222222
2222222223
2222222224
2222222225
2222222226
2222222227
2222222228
2222222229
2222222230
2222222231
2222222232
2222222233
11621012356
60060123456
60130123456
60140123456
90260123456
90270123456
104130123456
104290123456
104330123456
104370123456
104380123456
104390123456
104560123456
104620123456
104650123456
105270123456
105320123456
105340123456
105380123456
105400123456
105420123456
105440123456
105460123456
105480123456
105500123456
105520123456
105570123456
105580123456
105600123456
105620123456
105630123456
105640123456
105670123456
105680123456
105750123456
105790123456
105810123456
105830123456
105850123456
105930123456
105960123456
105970123456
105990123456
106010123456
106030123456
106050123456
106070123456
106350123456
106360123456
106370123456
106380123456
112990123456
113000123456
113010123456
113040123456
113050123456
113150123456
113180123456
113190123456
113470123456
115370123456
115420123456
115440123456
115490123456
115500123456
115530123456
115550123456
115570123456
115590123456
115610123456
115630123456
115660123456
115670123456
115680123456
115690123456
115700123456
115710123456
115720123456
115730123456
115750123456
115790123456
115810123456
115830123456
115850123456
116220123456
116230123456
116240123456
124550123456
124560123456
124800123456
125020123456
125090123456
132400123456
132690123456
132700123456
132880123456
132890123456
134800123456
134810123456
134820123456
134930123456
134940123456
134950123456
134960123456
134970123456
134980123456
134990123456
135000123456
143200123456
145050123456
145150123456
145160123456
152770123456
152780123456
152960123456
152970123456
163510123456
163720123456
163890123456
163930123456
164020123456
164120123456
164130123456
164140123456
164150123456
164160123456
164170123456
164190123456
164490123456
164500123456
164510123456
172600123456
172720123456
172730123456
172740123456
172760123456
172770123456
172780123456
172800123456
173080123456
173100123456
173110123456
173120123456
173130123456
173140123456
173150123456
203360123456
204090123456
204100123456
204110123456
204120123456
204130123456
281850123456
281870123456
281900123456
282010123456
282050123456
282170123456
282270123456
282280123456
282300123456
282310123456
282320123456
282370123456
282390123456
282410123456
282420123456
282450123456
282460123456
282480123456
282500123456
282510123456
283030123456
283040123456
283090123456
283100123456
283130123456
283150123456
283160123456
283170123456
283180123456
283190123456
283200123456
283210123456
283350123456
283370123456
283380123456
283390123456
283400123456
283420123456
290260123456
290270123456
290280123456
290290123456
290300123456
290310123456
290320123456
290330123456
290340123456
290350123456
290360123456
290370123456
290380123456
290390123456
290400123456
290410123456
290420123456
301700123456
301710123456
301720123456
301730123456
301750123456
301760123456
301770123456
301780123456
301790123456
301800123456
301820123456
301830123456
301840123456
301850123456
301860123456
301870123456
321950123456
321980123456
321990123456
322000123456
322030123456
322040123456
322050123456
322060123456
322070123456
322080123456
322090123456
322100123456
322220123456
330360123456
501370123456
501420123456
501510123456
501520123456
501530123456
501540123456
501560123456
1110030119003
1110030119004
1110030119005
1110030119006
1110030119007
1110030119012
1110030119020
1110030119022
1110030119026
1110030120000
1110092119043
1110092120001
1110092120002
1110092120003
1110092120004
1110092120005
1110092120006
1110092120007
1110092120008
1110092120009
1110092120010
1110092120011
1110092120012
1110092120013
1110092120014
1110092219018
1110092219019
1110092219030
1110092219031
1110092219032
1110092219033
1110092219034
1110092220001
1110092220004
1110092220005
1110092220009
1110092220010
1110092220011
1110092220012
1110092220013
1110092220017
1110092220020
1110092220021
1110092220024
1110092220025
1110092220026
1110092220027
1110092220029
1110092220030
1110092220031
1110092220032
1110092220033
1110092220034
1110092220035
1110092220037
1110092220038
1110092220039
1110092220040
1110092220041
1110092220042
1110092220043
1110092220045
1110092220046
1110092220047
1110092220054
1110092220055
1110092220056
1110092220057
1110092220058
1110092220059
1111086218037
1111086219003
1111086219027
1111086219028
1111086219029
1111086219030
1111086219031
1111086219032
1111086219054
1111086219055
1111086219056
1111086219057
1111111111111
1112030119004
1112030120000
1112030219001
1112030219002
1112092220001
1112092220002
1112092220003
1112092220005
1112092220006
1112092220016
1112092220018
1112092220020
1113086216003
1113086216012
1113090219016
1113090219018
1113092120000
1113092120002
1113092120003
1113092120004
1113092120005
1113092120006
1113092120007
1113092120008
1114086119045
1114086119054
1114086119056
1114086119060
1114086120037
1114086120038
1114086120039
1114086120040
1114086120041
1114086120042
1114086120043
1114086120044
1133030118052
1179091119000
1179091119001
1179091119002
1179091119003
1179091119008
1222222222222
1333333333333
1710030215003
1710030215013
1710030215014
1710030215015
1710030216000
1710030216001
1710030217000
1710092119000
1710092119001
1710092119002
1710092119003
1710092119004
1710092119005
1710092119007
1710092119008
1710092119009
1710092119010
1713090215002
1713090217000
1714086119002
1714086219001
1714086219002
1714086219004
1714086219005
1714086219006
1714086219008
1714086219010
1714086219011
1719030120011
1719030120012
1719030120014
1719030120015
1719030120017
1719030120018
1719030120020
1719030120021
1719030120023
1719030120024
1719030120033
1719030120035
1719030120036
1769090115034
1769090117012
1769090117014
1769090117015
1769090117021
1769090117022
1769090117023
9990002452864
9990002452865
9990002452866
9990002452867
9990002452868
9990002452869
9990002452870
9990002452871
9990002452872
9990002452873
9990002452874
9990002452875
9990002452876
9990002452877
9990002452878
9990002452879
9990002452880
9990002452881
9990002452882
9990002452883
9990002452884
9990002452885
9990002452886
9990002452887
9990002452888
9990002452889
9990002452890
9990002452891
9990002452892
9990002452893
9990002452894
9990002452895
9990002452896
9990002452897
9990002452898
9990002452899
9990002452900
9990002452901
9990002452902
9990002452903
9990002452904
9990002452905
9990002452906
9990002452907
9990002452908
9990002452909
9990002452910
9990002452911
9990002452912
9990002452913
9990002452914
9990002452915
9990002452916
9990002452917
9990002452918
9990002452919
9990002452920
9990002452921
9990002452922
9990002452923
9990002452924
9990002452925
9990002452926
9990002452927
9990002452928
9990002452929
9990002452930
9990002452931
9990002452932
9990002452933
9990002452934
9990002452935
τεστ
0
38
38
38
38
38
38
38
38
38
38
38
52
52
52
52
52
52
52
52
52
52
52
82
82
82
82
82
82
82
82
82
82
82
95
95
95
95
95
95
95
95
95
95
95
73
73
73
73
73
73
73
73
73
73
73
62
62
62
62
62
62
62
62
62
62
62
46
46
46
46
46
46
46
46
46
46
46
62
62
62
62
62
62
62
62
62
62
62
11.5
11.5
11.5
11.5
11.5
11.5
11.5
11.5
6.5
6.5
6.5
6.5
6.5
6.5
6.5
6.5
26
26
26
26
26
26
26
26
11.5
11.5
11.5
11.5
11.5
11.5
11.5
11.5
20.2
20.2
20.2
20.2
20.2
20.2
20.2
42.2
42.2
42.2
42.2
42.2
42.2
42.2
42.2
44.4
44.4
44.4
44.4
44.4
44.4
44.4
44.4
30.4
30.4
30.4
30.4
30.4
30.4
30.4
30.4
23.9
23.9
23.9
20.3
18.8
15.1
22.7
8.7
76
97
76
105
76
97
76
105
97
76
105
35
54.5
35
59.5
23
14.5
38
23
39
39
23
14.5
38
23
39
29.5
23
14.5
38
23
39
35
54.5
35
59.5
23
14.5
38
23
39
29.5
35
54.5
35
59.5
23
14.5
38
23
39
29.5
38
23
39
29.5
29.5
35
39
54.5
35
59.5
23
14.5
38
23
39
29.5
59.5
39
65.5
35
39
54.5
35
59.5
23
14.5
38
23
39
29.5
59.5
39
65.5
35
39
54.5
35
59.5
23
14.5
38
23
39
29.5
59.5
39
65.5
35
39
54.5
35
59.5
23
14.5
38
23
39
29.5
59.5
39
65.5
23
14.5
38
23
39
29.5
23
14.5
38
23
39
29.5
12.4
12.4
12.4
12.4
7.01
7.01
7.01
7.01
7.01
18.8
18.8
18.8
18.8
18.8
17.8
17.8
17.8
17.8
17.8
18.2
18.2
18.2
13.9
13.9
13.9
14.5
14.5
14.5
14.5
14.5
14.5
14.5
14.5
14.5
14.5
14.5
14.5
14.5
12.6
12.6
12.6
12.6
14.9
14.9
14.9
13.5
13.5
13.5
13.5
13.5
9.9
9.9
9.9
9.9
9.9
13.5
9.9
9.9
9.9
9.9
1.95
1.95
1.95
1.95
1.95
1.95
1.95
6.2
6.2
6.2
6.2
6.2
6.2
6.2
12.4
12.4
12.4
12.4
12.4
12.4
12.4
24.5
24.5
24.5
24.5
24.5
24.5
24.5
27.9
27.9
27.9
27.9
27.9
27.9
27.9
36.4
36.4
36.4
36.4
36.4
36.4
36.4
40.6
40.6
40.6
40.6
40.6
40.6
38
38
38
38
38
38
38
38
38
38
38
38
38
38
38
38
38
38
38
38
38
38
38
38
38
38
38
38
38
38
38
38
38
38
38
38
38
38
38
38
38
38
35
35
35
35
35
35
35
35
35
35
35
35
35
35
35
35
35
35
35
35
35
35
35
35
35
35
35
2
2
2
2
2
2
2
2
2
6.5
6.5
6.5
6.5
6.5
6.5
6.5
6.5
6.5
13.1
13.1
13.1
13.1
13.1
13.1
13.1
13.1
13.1
24
24
24
24
24
24
24
24
24
20
20
20
20
20
20
20
20
20
20
20
20
20
1.55
1.55
1.55
1.55
1.55
1.55
1.55
1.55
1.55
1.55
1.55
1.55
1.55
5.25
5.25
5.25
5.25
5.25
5.25
5.25
5.25
5.25
5.25
5.25
5.25
5.25
16.4
16.4
16.4
16.4
4.5
4.5
4.5
4.5
4.5
4.5
4.5
29.4
34.4
44
51
57.7
11.8
29.4
34.4
44
51
57.7
11.8
29.4
34.4
44
51
57.7
11.8
29.4
34.4
44
51
57.7
11.8
17.8
29.4
34.4
44
51
57.7
11.8
17.8
29.4
34.4
44
51
57.7
11.8
17.8
29.4
34.4
44
51
57.7
11.8
29.4
34.4
44
51
57.7
11.8
29.4
34.4
44
51
57.7
11.8
29.4
34.4
44
51
57.7
11.8
11.8
29.4
34.4
44
51
57.7
11.8
29.8
34.8
43.9
49.8
56.4
11.9
8.9
34.8
43.9
49.8
56.4
11.9
8.9
29.8
34.8
43.9
49.8
56.4
11.9
8.9
29.8
34.8
43.9
49.8
56.4
11.9
8.9
29.8
34.8
43.9
49.8
56.4
11.9
8.9
20.59
20.59
20.59
20.59
15.87
15.87
15.87
15.37
15.37
15.37
25
25
25
20.58
20.58
20.58
17.36
17.36
21.33
21.33
21.33
21.33
15.12
52.33
54.56
57.04
57.04
13.89
15.38
15.38
14.14
15.55
16.62
16.62
16.62
16.62
16.62
16.62
9.17
9.17
9.17
9.17
6.5
6.5
6.5
6.5
6.5
6.5
7.44
7.44
7.44
7.44
7.44
7.44
12.9
12.9
12.9
30.5
30.5
30.5
30.5
19.59
19.59
19.59
19.59
22.07
22.07
22.07
22.07
27
27
27
27
24.3
24.3
24.3
19.3
19.3
48
48
48
48
48
48
48
48
48
48
48
48
48
48
48
48
37.7
37.7
37.7
37.7
35
35
35
35
35
35
35
35
35
35
35
35
35
35
35
35
27
27
27
27
39
39
39
39
39
39
39
39
39
39
39
39
39
39
39
39
57
57
57
57
57
57
57
57
57
57
57
57
57
57
57
57
35
35
35
35
35
35
35
35
35
35
35
35
35
35
35
35
27
27
27
27
39
39
39
39
39
39
39
39
39
39
39
39
39
39
48
48
48
48
48
48
48
48
48
48
48
48
48
48
48
48
35
35
35
35
54.5
54.5
54.5
54.5
54.5
54.5
54.5
54.5
54.5
54.5
54.5
54.5
54.5
54.5
54.5
54.5
39.9
39.9
39.9
39.9
68.5
68.5
68.5
68.5
68.5
68.5
68.5
68.5
68.5
68.5
68.5
68.5
68.5
68.5
68.5
68.5
52.6
52.6
52.6
52.6
59.5
59.5
59.5
59.5
59.5
59.5
68.5
68.5
59.5
59.5
59.5
59.5
59.5
59.5
59.5
44
44
44
44
59.5
59.5
59.5
59.5
59.5
59.5
59.5
59.5
59.5
65.5
65.5
65.5
65.5
65.5
65.5
65.5
65.5
65.5
59.5
75
75
75
75
75
75
75
75
75
75
75
75
75
75
75
75
58
58
58
58
58
58
58
63.5
63.5
63.5
91.5
91.5
91.5
98
98
98
29.4
34.4
44
57
29.4
34.4
44
57.7
29.4
34.4
100
57
29.4
44
57
29.4
34.4
44
57
29.4
34.4
44
57.7
29.4
34.4
44
57
29.4
34.4
44
57
29.4
34.4
44
57
29.4
34.4
44
57
51
51
51
51
51
51
51
51
51
51
89.9
89.9
89.9
89.9
44
44
44
58.8
58.8
58.8
83.5
83.5
83.5
42
42
42
66.5
66.5
66.5
73
73
73
94
94
94
37.7
37.7
27
27
26
26
39.9
39.9
44
44
35
35
52.6
52.6
58
58
56.5
67
94.3
14.3
18.9
56.5
67
94.3
14.3
18.9
56.5
67
94.3
14.3
18.9
285
285
285
235
62.8
62.8
62.8
62.8
62.8
62.8
62.8
121.3
121.3
121.3
121.3
121.3
121.3
121.3
61
61
61
61
61
61
61
61
61
61
61
118
118
118
118
118
118
118
118
118
118
118
47.3
47.3
47.3
91.4
91.4
91.4
116
142
152
116
116
142
152
116
116
142
152
116
116
142
152
116
47.5
74.8
84
52.6
47.5
74.8
84
52.6
39.9
55.9
58.6
52.6
39.9
55.9
58.6
39.9
49
49
49
49
49.6
49.6
49.6
49.6
69.8
69.8
69.8
69.8
69.8
69.8
49
49
49
50
50
89
107
35
36
36
35
77
77
77
77
77
77
77
98
98
98
114
94
56
56
56
56
56
56
56
56
56
56
56
56
56
122
122
122
16.6
33
3.3
29
29
29
32.5
13
13
25
25
65
65
65
65
65
65
38.4
38.4
38.4
34
34
27
89
82
136
105
67
67
67
41.5
41.5
56
56
25.8
25.8
25.8
25.8
17.8
17.8
17.8
17.8
26
26
26
26
26
26
26
26
26
26
26
20
20
20
20
20
20
20
20
20
20
20
26
4.9
4.9
4.9
4.9
4.9
4.9
4.9
4.9
4.9
4.9
4.9
4.9
4.9
4.9
4.9
4.9
4.9
4.9
4.9
4.9
4.9
26.8
26.8
26.8
26.8
26.8
26.8
26.8
26.8
26.8
26.8
26.8
26.8
26.8
26.8
26.8
26.8
26.8
26.8
26.8
26.8
26.8
26.8
26.8
26.8
26.8
26.8
26.8
26.8
26.8
26.8
26.8
80
80
80
80
80
80
80
80
80
80
80
80
80
80
80
80
80
80
80
80
80
80
80
80
80
80
80
80
80
80
80
62.4
62.4
62.4
62.4
62.4
62.4
62.4
62.4
62.4
62.4
62.4
62.4
62.4
62.4
62.4
62.4
62.4
62.4
62.4
62.4
62.4
62.4
62.4
62.4
62.4
62.4
62.4
62.4
62.4
62.4
62.4
34.4
34.4
34.4
34.4
34.4
34.4
34.4
34.4
34.4
34.4
34.4
34.4
34.4
34.4
34.4
34.4
34.4
34.4
34.4
34.4
34.4
34.4
34.4
34.4
34.4
34.4
34.4
34.4
34.4
34.4
34.4
73
73
73
73
73
73
73
73
73
73
73
73
73
73
73
73
73
73
73
73
73
73
73
73
73
73
73
73
73
73
73
93
93
93
93
93
93
93
93
93
93
93
93
93
93
93
93
93
93
93
93
93
93
93
93
93
93
93
93
93
93
93
43.3
43.3
43.3
43.3
43.3
43.3
43.3
43.3
43.3
43.3
43.3
43.3
43.3
43.3
43.3
43.3
43.3
43.3
43.3
43.3
43.3
43.3
43.3
43.3
43.3
43.3
43.3
43.3
43.3
43.3
43.3
13.7
13.7
13.7
13.7
13.7
13.7
13.7
13.7
13.7
13.7
13.7
13.7
13.7
13.7
13.7
13.7
13.7
13.7
13.7
13.7
13.7
13.7
13.7
13.7
13.7
13.7
13.7
13.7
13.7
13.7
13.7
10.9
10.9
10.9
10.9
10.9
10.9
10.9
10.9
10.9
10.9
10.9
10.9
10.9
10.9
10.9
10.9
10.9
10.9
10.9
10.9
10.9
10.9
10.9
10.9
10.9
10.9
10.9
10.9
10.9
10.9
5.9
5.9
5.9
5.9
5.9
5.9
5.9
5.9
5.9
5.9
5.9
5.9
5.9
5.9
5.9
5.9
5.9
5.9
5.9
5.9
5.9
5.9
5.9
5.9
5.9
5.9
5.9
5.9
5.9
21
21
21
21
21
21
21
21
21
21
21
21
21
21
21
21
21
21
21
21
21
21
21
21
21
21
21
21
21
21
39.8
39.8
39.8
39.8
39.8
39.8
39.8
39.8
39.8
39.8
39.8
39.8
39.8
39.8
39.8
39.8
39.8
39.8
39.8
39.8
39.8
39.8
39.8
39.8
39.8
39.8
39.8
39.8
39.8
44
44
44
44
44
44
44
44
44
44
44
44
44
44
44
44
44
44
44
44
44
44
44
44
44
44
44
44
44
44
29
29
29
29
29
29
29
29
29
29
29
29
29
29
29
29
29
29
29
29
29
29
29
29
29
29
29
29
29
29
4.9
4.9
4.9
4.9
4.9
4.9
4.9
4.9
4.9
37.4
44
56.9
66
74.7
22
37.4
44
56.9
66
74.7
22
37.4
44
56.9
66
74.7
22
37.4
44
56.9
66
74.7
22
37.4
44
56.9
66
74.7
22
37.4
44
56.9
66
74.7
22
37.4
44
56.9
66
74.7
22
37.4
44
56.9
66
74.7
22
37.4
44
56.9
66
74.7
22
23.2
45
25
18
28
28
52
66
56.5
67
56.5
67
56.5
67
8.8
34
29.6
37
50
23.2
23.2
23.2
23.2
23.2
23.2
23.2
23.2
23.2
23.2
23.2
23.2
23.2
23.2
23.2
23.2
23.2
23.2
23.2
23.2
23.2
23.2
23.2
23.2
23.2
23.2
23.2
23.2
23.2
23.2
17.5
17.5
17.5
17.5
17.5
17.5
17.5
17.5
17.5
17.5
17.5
17.5
17.5
17.5
17.5
17.5
17.5
17.5
17.5
17.5
17.5
17.5
17.5
17.5
17.5
17.5
17.5
17.5
17.5
17.5
17.5
17.5
17.5
17.5
17.5
17.5
17.5
17.5
46
46
46
46
46
32.8
32.8
32.8
32.8
32.8
58.5
99
99
58.5
58.5
62
62
62
62
62
62
62
62
62
62
62
98
98
98
98
98
98
98
98
98
98
32.5
32.5
32.5
32.5
26.6
26.6
26.6
26.6
26.6
26.6
26.6
37.5
37.5
37.5
37.5
37.5
37.5
37.5
48.5
48.5
48.5
48.5
48.5
48.5
48.5
79.5
36
227
227
227
225
225
122
122
122
120
120
85
57.7
57.7
57.7
57.7
48
13.1
16.6
20
48
13.1
16.6
20
48
13.1
16.6
20
38
82
82
82
63
63
56.99
89
89
56
45
89
107
49
35
89
50
50
50
50
50
22
22
22
22
22
78
78
72
119
119
119
56
49
49
49
49
49
49
54
54
54
54
54
54
54
54
53
53
53
53
34
34
34
34
34
35
35
35
35
34
36
36
36
36
36
15.5
15.5
15.5
15.5
15.5
35
35
35
35
35
35
49
35
35
35
35
35
35
38
38
38
45.5
45.5
54
54
53
38
34
34
40
40
40
40
40
39
40
39
39
39
39
39
39
114
77
78
78
29
29
29
29
97
116
136
116
78
82
82
82
82
82
82
82
82
82
82
82
63
63
63
63
63
63
63
63
63
63
63
63
63
63
3.3
9
9
9
9
9
27
27
27
19.9
19.9
19.9
27
27
27
27
27
24
24
31
27
27
27
27
31
31
21
21
30
30
33
33
33
33
33
33
33
33
3.3
3.3
3.3
3.3
3.3
3.3
10
10
10
10
10
10
10
10
10
8
8
8
8
8
8
8
8
22.5
22.5
22.5
22.5
22.5
22.5
22.5
22.5
32.5
32.5
32.5
32.5
32.5
32.5
32.5
32.5
89
89
89
89
45
45
45
45
63
63
63
63
25
13
26
35
43
58
43
58
49
112
112
112
112
112
112
112
112
112
112
65
65
65
65
65
65
65
65
65
65
65
65
65
65
65
65
65
65
65
65
65
65
43
43
43
65
65
65
65
65
76
76
76
43
43
43
43
43
43
43
65
65
65
65
65
65
65
76
76
76
76
76
76
76
65
65
65
65
65
65
164
79.5
79
79
79
79
79
79
164
164
164
164
55.7
112
112
65
65
65
65
65
65
65
65
65
65
109
89
99
99
39
39
39
39
49
49
49
49
49
49
59
59
39
39
39
39
49
49
49
49
45
132
132
149
149
149
55.7
73.9
45
45
45
45
45
45
45
45
45
45
45
45
45
45
45
45
45
32
32
28
28
28
28
28
28
28
28
28
29
29
29
29
29
29
29
29
29
29
29
29
29
95
95
95
149
149
95
149
66
66
66
66
66
66
66
66
66
66
66
66
66
66
66
59
59
59
49
49
49
49
49
49
49
49
49
49
49
49
49
49
49
42
42
42
62
62
62
62
62
62
62
62
62
62
62
62
62
62
62
59.8
59.8
59.8
46
46
46
46
46
46
46
46
46
46
46
46
46
46
46
45
45
45
65
0
32.3
32.3
32.3
32.3
32.3
32.3
32.3
32.3
32.3
32.3
32.3
44.2
44.2
44.2
44.2
44.2
44.2
44.2
44.2
44.2
44.2
44.2
69.7
69.7
69.7
69.7
69.7
69.7
69.7
69.7
69.7
69.7
69.7
80.75
80.75
80.75
80.75
80.75
80.75
80.75
80.75
80.75
80.75
80.75
62.05
62.05
62.05
62.05
62.05
62.05
62.05
62.05
62.05
62.05
62.05
52.07
52.07
52.07
52.07
52.07
52.07
52.07
52.07
52.07
52.07
52.07
39.1
39.1
39.1
39.1
39.1
39.1
39.1
39.1
39.1
39.1
39.1
52.7
52.7
52.7
52.7
52.7
52.7
52.7
52.7
52.7
52.7
52.7
9.78
9.78
9.78
9.78
9.78
9.78
9.78
9.78
5.53
5.53
5.53
5.53
5.53
5.53
5.53
5.53
22.1
22.1
22.1
22.1
22.1
22.1
22.1
22.1
9.78
9.78
9.78
9.78
9.78
9.78
9.78
9.78
17.17
17.17
17.17
17.17
17.17
17.17
17.17
36.04
36.04
36.04
36.04
36.04
36.04
36.04
36.04
37.74
37.74
37.74
37.74
37.74
37.74
37.74
37.74
25.84
25.84
25.84
25.84
25.84
25.84
25.84
25.84
20.32
20.32
20.32
17.26
15.98
12.84
19.3
7.4
64.6
82.45
64.6
89.25
64.6
82.45
64.6
89.25
82.4
64.6
89.25
29.75
46.3
29.75
50.5
19.55
12.3
32.3
19.55
33.15
33.15
19.55
12.3
32.3
19.55
33.15
25.07
19.55
12.3
32.3
19.55
33.15
29.75
46.3
29.75
50.5
19.55
12.3
32.3
19.55
33.15
25.07
29.75
46.3
29.75
50.5
19.55
12.3
32.3
19.55
33.15
25.07
32.3
19.55
33.15
25.07
25.07
29.75
33.15
46.3
29.75
50.5
19.55
12.3
32.3
19.55
33.15
25.07
50.5
33.1
55.6
29.75
33.15
46.3
29.75
50.5
19.55
12.3
32.3
19.55
33.15
25.07
50.5
33.1
55.6
29.75
33.15
46.3
29.75
50.5
19.55
12.3
32.3
19.55
33.15
25.07
50.5
33.1
55.6
29.75
33.15
46.3
29.75
50.5
19.55
12.3
32.3
19.55
33.15
25.07
50.5
33.1
55.6
19.55
12.3
32.3
19.55
33.15
25.07
19.55
12.3
32.3
19.55
33.15
25.07
10.54
10.54
10.54
10.54
6.04
6.04
6.04
6.04
6.04
15.98
15.98
15.98
15.98
15.98
15.13
15.13
15.13
15.13
15.13
15.47
15.47
15.47
11.82
11.82
11.82
12.33
12.33
12.33
12.33
12.33
12.33
12.33
12.33
12.33
12.33
12.33
12.33
12.33
10.71
10.71
10.71
10.71
12.6
12.6
12.6
9.18
9.18
9.18
9.18
9.18
8.42
8.42
8.42
8.42
8.42
9.18
8.42
8.42
8.42
8.42
1.66
1.66
1.66
1.66
1.66
1.66
1.66
5.27
5.27
5.27
5.27
5.27
5.27
5.27
10.54
10.54
10.54
10.54
10.54
10.54
10.54
20.83
20.83
20.83
20.83
20.83
20.83
20.83
23.71
23.71
23.71
23.71
23.71
23.71
23.71
30.94
30.94
30.94
30.94
30.94
30.94
30.94
34.51
34.51
34.51
34.51
34.51
34.51
32.3
32.3
32.3
32.3
32.3
32.3
32.3
32.3
32.3
32.3
32.3
32.3
32.3
32.3
32.3
32.3
32.3
32.3
32.3
32.3
32.3
32.3
32.3
32.3
32.3
32.3
32.3
32.3
32.3
32.3
32.3
32.3
32.3
32.3
32.3
32.3
32.3
32.3
32.3
32.3
32.3
32.3
22.75
22.75
22.75
22.75
22.75
22.75
22.75
22.75
22.75
22.75
22.75
22.75
22.75
22.75
22.75
22.75
22.75
22.75
22.75
22.75
22.75
22.75
22.75
22.75
22.75
22.75
22.75
1.7
1.7
1.7
1.7
1.7
1.7
1.7
1.7
1.7
5.53
5.53
5.53
5.53
5.53
5.53
5.53
5.53
5.53
11.14
11.14
11.14
11.14
11.14
11.14
11.14
11.14
11.14
20.4
20.4
20.4
20.4
20.4
20.4
20.4
20.4
20.4
17
17
17
17
17
17
17
17
17
17
17
17
17
1.31
1.31
1.31
1.31
1.31
1.31
1.31
1.31
1.31
1.31
1.31
1.31
1.31
4.46
4.46
4.46
4.46
4.46
4.46
4.46
4.46
4.46
4.46
4.46
4.46
4.46
12.3
12.3
12.3
12.3
3.83
3.83
3.83
3.83
3.83
3.83
3.83
24.99
29.24
37.4
43.35
49.05
10.03
24.99
29.24
37.4
43.35
49.05
10.03
24.99
29.24
37.4
43.35
49.05
10.03
24.99
29.24
37.4
43.35
49.05
10.03
15.13
24.99
29.24
37.4
43.35
49.05
10.03
15.13
24.99
29.24
37.4
43.35
49.05
10.03
15.13
24.99
29.24
37.4
43.35
49.05
10.03
24.99
29.24
37.4
43.35
49.05
10.03
24.99
29.24
37.4
43.35
49.05
10.03
24.99
29.24
37.4
43.35
49.05
10.03
10.3
24.99
29.24
37.4
43.35
49.05
10.3
25.33
29.58
37.31
42.33
47.94
10.12
7.56
29.58
37.31
42.33
47.94
10.12
7.56
25.33
29.58
37.31
42.33
47.94
10.12
7.56
25.33
29.58
37.31
42.33
47.94
10.12
7.56
25.33
29.58
37.31
42.33
47.94
10.12
7.56
15.8
15.8
15.8
15.8
12.2
12.2
12.2
11.8
11.8
11.8
19.2
19.2
19.2
15.8
15.8
15.8
13.3
13.3
16.3
16.3
16.3
16.3
11.6
40.1
41.8
43.7
43.7
10.6
11.8
11.8
10.83
11.59
12.73
12.73
12.73
12.73
12.73
12.73
7.6
7.6
7.6
7.6
4.8
4.8
4.8
4.8
4.8
4.8
5.7
5.7
5.7
5.7
5.7
5.7
9.9
9.9
9.9
23.4
23.4
23.4
23.4
15
15
15
15
16.9
16.9
16.9
16.9
20.7
20.7
20.7
20.7
18.62
18.62
18.62
14.8
14.8
40.8
40.8
40.8
40.8
40.8
40.8
40.8
40.8
40.8
40.8
40.8
40.8
40.8
40.8
40.8
40.8
32.05
32.05
32.05
32.05
29.75
29.75
29.75
29.75
29.75
29.75
29.75
29.75
29.75
29.75
29.75
29.75
29.75
29.75
29.75
29.75
22.95
22.95
22.95
22.95
33.15
33.15
33.15
33.15
33.15
33.15
33.15
33.15
33.15
33.15
33.15
33.15
33.15
33.15
33.15
33.15
48.45
48.45
48.45
48.45
48.45
48.45
48.45
48.45
48.45
48.45
48.45
48.45
48.45
48.45
48.45
48.45
29.75
29.75
29.75
29.75
29.75
29.75
29.75
29.75
29.75
29.75
29.75
29.75
29.75
29.75
29.75
29.75
22.1
22.1
22.1
22.1
33.15
33.15
33.15
33.15
33.15
33.15
33.15
33.15
33.15
33.15
33.15
33.15
33.15
33.15
40.8
40.8
40.8
40.8
40.8
40.8
40.8
40.8
40.8
40.8
40.8
40.8
40.8
40.8
40.8
40.8
29.75
29.75
29.75
29.75
46.32
46.32
46.32
46.32
46.32
46.32
46.32
46.32
46.32
46.32
46.32
46.32
46.32
46.32
46.32
46.32
33.91
33.91
33.91
33.91
58.22
58.22
58.22
58.22
58.22
58.22
58.22
58.22
58.22
58.22
58.22
58.22
58.22
58.22
58.22
58.22
44.7
44.7
44.7
44.7
50.57
50.57
50.57
50.57
50.57
50.57
50.57
50.57
50.57
50.57
50.57
50.57
50.57
50.57
50.57
37.4
37.4
37.4
37.4
50.57
50.57
50.57
50.57
50.57
50.57
50.57
50.57
50.57
55.67
55.67
55.67
55.67
55.67
55.67
55.67
55.67
55.67
50.57
63.75
63.75
63.75
63.75
63.75
63.75
63.75
63.75
63.75
63.75
63.75
63.75
63.75
63.75
63.75
63.75
49.3
49.3
49.3
49.3
49.3
49.3
49.3
53.9
53.9
53.9
77.77
77.77
77.77
83.3
83.3
83.3
24.99
29.24
37.4
49.4
24.99
29.24
37.4
49.04
24.9
29.24
90
49.04
24.4
29.44
49.04
24.4
29.44
37.4
49.04
24.4
29.44
37.4
49.04
24.4
29.44
37.4
49.04
24.4
29.44
37.4
49.04
24.4
29.44
37.4
49.04
24.4
29.44
37.4
49.04
43.35
43.35
43.35
43.35
43.35
43.35
43.35
43.35
43.35
43.35
53.94
53.94
53.94
53.94
37.4
37.4
37.4
49.98
49.98
49.98
70.97
70.97
70.97
35.7
35.7
35.7
56.52
56.52
56.52
62.05
62.05
62.05
79.9
79.9
79.9
32.04
32.04
22.95
22.95
22.1
22.1
33.91
33.91
37.4
37.4
29.75
29.75
44.71
44.71
49.3
49.3
48.03
56.95
80.16
12.16
16.06
48.03
56.95
80.16
12.16
16.06
48.03
56.95
80.16
12.16
16.06
242.25
242.25
242.05
199.75
53.38
53.38
53.38
53.38
53.38
53.38
53.38
103.11
103.11
103.11
103.11
103.11
103.11
103.11
51.85
51.85
51.85
51.85
51.85
51.85
51.85
51.85
51.85
51.85
51.85
100.3
100.3
100.3
100.3
100.3
100.3
100.3
100.3
100.3
100.3
100.3
40.21
40.21
40.21
77.69
77.69
77.69
98.6
120.7
129.2
98.6
98.6
120.7
129.2
98.6
98.6
120.7
129.2
98.6
98.6
120.7
129.2
98.6
40.38
65.38
71.4
44.71
40.38
65.38
71.4
44.71
33.92
47.52
49.81
44.71
33.92
47.52
49.81
33.92
39.2
39.2
39.2
39.2
42.16
42.16
42.16
42.16
59.33
59.33
59.33
59.33
59.33
59.33
34.3
34.3
34.3
35
35
71.2
85.6
24.5
25.2
25.2
24.5
69.3
69.3
69.3
69.3
69.3
69.3
69.3
68.6
68.6
68.6
79.8
84.6
50.4
50.4
50.4
50.4
50.4
50.4
50.4
50.4
50.4
50.4
50.4
50.4
50.4
109.8
109.8
109.8
14.1
23.1
2.97
26.1
26.1
26.1
29.25
11.7
11.7
22.5
22.5
52
52
52
52
52
52
30.72
30.72
30.72
27.2
27.2
21.6
71.2
57.4
108.8
73.5
44.1
44.1
44.1
33.2
33.2
44.8
44.8
20.64
20.64
20.64
20.64
14.24
14.24
14.24
14.24
22.1
22.1
22.1
22.1
22.1
22.1
22.1
22.1
22.1
22.1
22.1
17
17
17
17
17
17
17
17
17
17
17
23.4
4.17
4.17
4.17
4.17
4.17
4.17
4.17
4.17
4.17
4.17
4.17
4.17
4.17
4.17
4.17
4.17
4.17
4.17
4.17
4.17
4.17
22.78
22.78
22.78
22.78
22.78
22.78
22.78
22.78
22.78
22.78
22.78
22.78
22.78
22.78
22.78
22.78
22.78
22.78
22.78
22.78
22.78
22.78
22.78
22.78
22.78
22.78
22.78
22.78
22.78
22.78
22.78
68
68
68
68
68
68
68
68
68
68
68
68
68
68
68
68
68
68
68
68
68
68
68
68
68
68
68
68
68
68
68
53.04
53.04
53.04
53.04
53.04
53.04
53.04
53.04
53.04
53.04
53.04
53.04
53.04
53.04
53.04
53.04
53.04
53.04
53.04
53.04
53.04
53.04
53.04
53.04
53.04
53.04
53.04
53.04
53.04
53.04
53.04
29.24
29.24
29.24
29.24
29.24
29.24
29.24
29.24
29.24
29.24
29.24
29.24
29.24
29.24
29.24
29.24
29.24
29.24
29.24
29.24
29.24
29.24
29.24
29.24
29.24
29.24
29.24
29.24
29.24
29.24
29.24
62.05
62.05
62.05
62.05
62.05
62.05
62.05
62.05
62.05
62.05
62.05
62.05
62.05
62.05
62.05
62.05
62.05
62.05
62.05
62.05
62.05
62.05
62.05
62.05
62.05
62.05
62.05
62.05
62.05
62.05
62.05
79.05
79.05
79.05
79.05
79.05
79.05
79.05
79.05
79.05
79.05
79.05
79.05
79.05
79.05
79.05
79.05
79.05
79.05
79.05
79.05
79.05
79.05
79.05
79.05
79.05
79.05
79.05
79.05
79.05
79.05
79.05
36.81
36.81
36.81
36.81
36.81
36.81
36.81
36.81
36.81
36.81
36.81
36.81
36.81
36.81
36.81
36.81
36.81
36.81
36.81
36.81
36.81
36.81
36.81
36.81
36.81
36.81
36.81
36.81
36.81
36.81
36.81
11.65
11.65
11.65
11.65
11.65
11.65
11.65
11.65
11.65
11.65
11.65
11.65
11.65
11.65
11.65
11.65
11.65
11.65
11.65
11.65
11.65
11.65
11.65
11.65
11.65
11.65
11.65
11.65
11.65
11.65
11.65
9.27
9.27
9.27
9.27
9.27
9.27
9.27
9.27
9.27
9.27
9.27
9.27
9.27
9.27
9.27
9.27
9.27
9.27
9.27
9.27
9.27
9.27
9.27
9.27
9.27
9.27
9.27
9.27
9.27
9.27
5.02
5.02
5.02
5.02
5.02
5.02
5.02
5.02
5.02
5.02
5.02
5.02
5.02
5.02
5.02
5.02
5.02
5.02
5.02
5.02
5.02
5.02
5.02
5.02
5.02
5.02
5.02
5.02
5.02
17.85
17.85
17.85
17.85
17.85
17.85
17.85
17.85
17.85
17.85
17.85
17.85
17.85
17.85
17.85
17.85
17.85
17.85
17.85
17.85
17.85
17.85
17.85
17.85
17.85
17.85
17.85
17.85
17.85
17.85
33.83
33.83
33.83
33.83
33.83
33.83
33.83
33.83
33.83
33.83
33.83
33.83
33.83
33.83
33.83
33.83
33.83
33.83
33.83
33.83
33.83
33.83
33.83
33.83
33.83
33.83
33.83
33.83
33.83
37.4
37.4
37.4
37.4
37.4
37.4
37.4
37.4
37.4
37.4
37.4
37.4
37.4
37.4
37.4
37.4
37.4
37.4
37.4
37.4
37.4
37.4
37.4
37.4
37.4
37.4
37.4
37.4
37.4
37.4
24.65
24.65
24.65
24.65
24.65
24.65
24.65
24.65
24.65
24.65
24.65
24.65
24.65
24.65
24.65
24.65
24.65
24.65
24.65
24.65
24.65
24.65
24.65
24.65
24.65
24.65
24.65
24.65
24.65
24.65
4.17
4.17
4.17
4.17
4.17
4.17
4.17
4.17
4.17
31.79
37.4
48.11
56.1
63.49
18.7
31.79
37.4
48.11
56.1
63.49
18.7
31.79
37.4
48.11
56.1
63.49
18.7
31.79
37.04
48.11
56.1
63.49
18.7
31.79
37.04
48.11
56.1
63.49
18.7
31.79
37.4
48.11
56.1
63.49
18.7
31.79
37.4
48.11
56.1
63.49
18.7
31.79
37.4
48.11
56.1
63.49
18.7
31.79
37.4
48.11
56.1
63.49
18.7
19.72
38.25
21.25
15.3
23.8
23.8
44.2
56.1
48.03
56.95
48.03
56.95
48.03
56.95
7.48
28.9
25.42
31.45
42.5
19.72
19.72
19.72
19.72
19.72
19.72
19.72
19.72
19.72
19.72
19.72
19.72
19.72
19.72
19.72
19.72
19.72
19.72
19.72
19.72
19.72
19.72
19.72
19.72
19.72
19.72
19.72
19.72
19.72
19.72
14.88
14.88
14.88
14.88
14.88
14.88
14.88
14.88
14.88
14.88
14.88
14.88
14.88
14.88
14.88
14.88
14.88
14.88
14.88
14.88
14.88
14.88
14.88
14.88
14.88
14.88
14.88
14.88
14.88
14.88
14.88
14.88
14.88
14.88
14.88
14.88
14.88
14.88
39.1
39.1
39.1
39.1
39.1
27.88
27.88
27.88
27.88
27.88
49.73
69.3
69.3
49.73
49.73
52.7
52.7
52.7
52.7
52.7
52.7
52.7
52.7
52.7
52.7
52.7
83.3
83.3
83.3
83.3
83.3
83.3
83.3
83.3
83.3
83.3
26
26
26
26
21.28
21.28
21.28
21.28
21.28
21.28
21.28
30
30
30
30
30
30
30
38.8
38.8
38.8
38.8
38.8
38.8
38.8
63.6
32.4
181.6
181.6
181.6
142.3
142.3
97.6
97.6
97.6
87.3
87.3
68
49.04
49.04
49.04
49.04
40.8
11.13
14.1
17
40.8
11.13
14.1
17
40.8
11.13
14.1
17
34.2
73.8
73.8
73.8
56.7
56.7
39.89
62.3
62.3
44.8
40.5
62.3
85.6
34.3
24.5
62.3
45
45
45
45
45
17.2
17.2
17.2
17.2
17.2
54.6
54.6
64.8
107.1
107.1
107.1
44.8
34.3
44.1
44.1
44.1
44.1
44.1
48.6
48.6
48.6
48.6
48.6
48.6
48.6
48.6
47.7
47.7
47.7
47.7
27.2
27.2
27.2
27.2
27.2
31.5
31.5
31.5
24.5
27.2
32.4
32.4
32.4
32.4
32.4
13.95
13.95
13.95
13.95
13.95
24.5
31.5
31.5
31.5
31.5
31.5
44.1
31.5
31.5
31.5
31.5
31.5
31.5
34.2
34.2
34.2
40.95
40.95
48.6
48.6
47.7
26.6
30.6
30.6
36
36
36
36
36
35.1
36
35.1
35.1
35.1
35.1
35.1
35.1
79.8
69.3
54.6
54.6
26.1
26.1
26.1
26.1
60.9
81.2
108.8
81.2
54.6
73.8
73.8
73.8
73.8
73.8
73.8
73.8
73.8
73.8
73.8
57.4
56.7
56.7
56.7
56.7
56.7
56.7
56.7
56.7
56.7
56.7
56.7
56.7
56.7
56.7
2.97
8.1
8.1
8.1
8.1
8.1
21.6
21.6
21.6
17.91
17.91
17.91
21.6
21.6
21.6
21.6
21.6
19.2
19.2
21.7
24.3
24.3
21.6
21.6
21.7
21.7
18.9
18.9
21
21
23.1
23.1
23.1
23.1
23.1
23.1
23.1
23.1
2.97
2.97
2.97
2.97
2.97
2.97
9
9
9
9
9
9
9
9
9
7.2
7.2
7.2
7.2
7.2
7.2
7.2
7.2
20.25
20.25
20.25
20.25
20.25
20.25
20.25
20.25
29.25
29.25
29.25
29.25
29.25
29.25
29.25
29.25
71.2
71.2
71.2
71.2
36
36
36
36
50.4
50.4
50.4
50.4
22.5
11.7
23.4
31.5
38.7
52.2
38.7
52.2
44.1
100.8
100.8
100.8
100.8
100.8
100.8
100.8
100.8
100.8
100.8
58.5
39
39
39
39
39
39
39
39
58.5
58.5
58.5
52
39
39
58.5
58.5
52
52
58.5
58.5
52
38.7
38.7
38.7
58.5
58.5
58.5
58.5
58.5
68.4
68.4
68.4
38.7
38.7
38.7
38.7
38.7
38.7
38.7
58.5
58.5
58.5
58.5
58.5
58.5
58.5
68.4
68.4
68.4
68.4
68.4
68.4
68.4
58.5
58.5
58.5
58.5
58.5
58.5
147.6
63.6
71.1
71.1
71.1
71.1
71.1
71.1
147.6
147.6
147.6
147.6
47.35
100.8
100.8
58.5
58.5
58.5
58.5
58.5
58.5
58.5
58.5
58.5
58.5
98.1
80.1
89.1
89.1
31.2
31.2
31.2
31.2
39.2
39.2
39.2
39.2
39.2
39.2
47.2
47.2
23.4
23.4
23.4
23.4
29.4
29.4
29.4
29.4
40.5
118.8
118.8
134.1
134.1
134.1
47.35
62.82
39.5
31.5
31.5
39.5
39.5
39.5
31.5
39.5
39.5
39.5
39.5
39.5
39.5
39.5
39.5
39.5
39.5
22.4
22.4
25.2
25.2
25.2
25.2
25.2
25.2
25.2
25.2
25.2
23.2
23.2
23.2
23.2
23.2
23.2
23.2
23.2
23.2
23.2
23.2
23.2
23.2
66.5
66.5
66.5
104.3
104.3
66.5
104.3
47.5
56.1
56.1
56.1
56.1
56.1
56.1
56.1
56.1
56.1
56.1
56.1
56.1
56.1
56.1
50.15
50.15
50.15
34.3
41.65
41.65
41.65
41.65
41.65
41.65
41.65
41.65
41.65
41.65
41.65
41.65
41.65
41.65
35.7
35.7
35.7
52.7
52.7
52.7
52.7
52.7
52.7
52.7
52.7
52.7
52.7
52.7
52.7
52.7
52.7
52.7
50.83
50.83
50.83
39.1
39.1
39.1
39.1
39.1
39.1
39.1
39.1
39.1
39.1
39.1
39.1
39.1
39.1
39.1
38.25
38.25
38.25
52
0
1751030119012
1751030119013
1751030119015
1751030119016
1751030119017
1751030119014
1751030119018
1751030119019
1751030119020
1751030119021
1751030119022
1751030119023
1751030117064
1751030117074
1751030117075
1751030117063
1751030117065
1751030116448
1751030117073
1751030116487
1751030117062
1751030117066
1751030116447
1751030116488
1751030116438
1751030116439
1751030217004
1751030116440
1751030116442
1751030118008
1751030116443
1751030118007
1751030217002
1751030116486
1751030116445
1751030118009
1751030116449
1751030116450
1751030116451
1751030217000
1751030118010
1751030118011
1751030217001
1751030118012
1751030118013
1751030117079
1751030117080
1751030116453
1751030116454
1751030116457
1751030116460
1751030116461
1751030116462
1751030116463
1751030217005
1751030116465
1751030116466
1751030116467
1751030116468
1719030118021
1719030116004
1719030219050
1719030116001
1719030219048
1719030219049
1719030116002
1719030116003
1719030116000
1719030116021
1719030116020
1719030116022
1719030116023
1719030116024
1719030116025
1719030116026
1719030116027
1719030116036
1719030116035
1719030116037
1719030116005
1719030219036
1719030219037
1719030219038
1719030219039
1719030219040
1719030219041
1719030120001
1719030120002
1719030120003
1719030120004
1719030120005
1719030120006
1719030120007
1719030120008
1719030120009
1719030118010
1719030116029
1719030116028
1719030116030
1719030116031
1719030116032
1719030116033
1719030116014
1719030216064
1719030116039
1719030216067
1719030116011
1719030216061
1719030116038
1719030216066
1719030116040
1719030216068
1719030116012
1719030216062
1719030116013
1719030216063
1719030116034
1719030216065
1719030219042
1719030219043
1719030219044
1719030219045
1719030219046
1719030219047
1714030117004
1714030120005
1714030119014
1714030120004
1714086219011
1714086219008
1714030218000
1714086219010
1714086219007
1714030119001
1714030120003
1714086219004
1714086219002
1714030120006
1714030119003
1714030117008
1714030119004
1714030120001
1714030119005
1714030218001
1714086119002
1714030117007
1714086219005
1714086219001
1714030218002
1714030119006
1714030117000
1714030117001
1714030117006
1714086219009
1714030120002
1714030119011
1714030119007
1714030117014
1714030119008
1714030119009
1714086219006
1714030120000
1714030119010
1713090215000
1713090217003
1713090215004
1713090118000
1713090215005
1713090217004
1713090215006
1713090215002
1713090217000
1713090217001
1713090215008
1713090217002
1713086215000
1713086117000
1713086215001
1713086117001
1713030215005
1713030215000
1713030117001
1713030119004
1713030119003
1713030119002
1713030117000
1713030119006
1713030119007
1713086215002
1713030215007
1713030215003
1713030119005
1713030216000
1713030119001
1713030216001
1713030216002
1713030216003
1713030215006
1713030215001
1713030215004
1713030215008
1713030119000
1728030217000
1728030217001
1728030217002
1728030217003
1728030217004
1728030217005
1728030217006
1728030217007
1728030120000
1728030120001
1728030120002
1728030120003
1728030120004
1728030217010
1728030217011
1728030217012
1728030217013
1728030217014
1728030217015
1728030217016
1728030217017
1728030217019
1728030217020
1728030217008
1728030217009
1728030217021
1728030217031
1728030217032
1728030217044
1728030217047
1728030217048
1728030217050
1728030217051
1728030217055
1728030217056
1728030120005
1728030120006
1728030217057
1728030217058
1728030217060
1728030217062
1728030217063
1728030217064
1728030217065
1728030217066
1728030217067
1728030217070
1728030217071
1728030217072
1728030217073
1728030120007
1728030120008
1752030115062
1752030115047
1752030217000
1752030119000
1752030117001
1752030120009
1752030115045
1752030115075
1752030120005
1752030115048
1752030216004
1752030118000
1752030119001
1752030119004
1752030117005
1752030120008
1752030119005
1752030117009
1752030120011
1752030120004
1752030120001
1752030117011
1752030119002
1752030118002
1752030115064
1752030117028
1752030118005
1752030119006
1752030216003
1752030216002
1752030115069
1752030120002
1752030120003
1752030216001
1752030120010
1752030117019
1752030119007
1752030115060
1752030119008
1752030120006
1752030119009
1752030120007
1752030115066
1752030115067
1752030119010
1752030115063
1752030115058
1752030120000
1752030117030
1752030115035
1752030115036
1752030119011
1752030115037
1752030115083
1728030217075
1728030217076
1728030217077
1728030217078
1728030217079
1728030217080
1728030217083
1728030217084
1728030120009
1728030120010
1716030118010
1716030117040
1716030218001
1716030119000
1716030119001
1716030119002
1716030117003
1716030117046
1716030117005
1716030119003
1716030117007
1716030117045
1716030119004
1716030119005
1716030218002
1716030117044
1716030218000
1716030119006
1716030117012
1716030119007
1716030119008
1716030119009
1716030117013
1716030119010
1717030120004
1717030120002
1717030120001
1717030120005
1717030120003
1717030120000
1731090215000
1731090217003
1731090215004
1731090215007
1731090118000
1731090217000
1731090215008
1731090217002
1711030117000
1711030120006
1711030215001
1711030215019
1711030120004
1711030216000
1711030218000
1711030119001
1711030119002
1711030120003
1711030120005
1711030119003
1711030117001
1711030119004
1711030120001
1711030119005
1711030218001
1711030117002
1711030218002
1711030119006
1711030216002
1711030216003
1711030117004
1711030117005
1711030120002
1711030216004
1711030119007
1711030215012
1711030119008
1711030119009
1711030120000
1711030215017
1711030119010
1722090215001
1722090215000
1722090217003
1722090215004
1722090118000
1722090215005
1722090217004
1722090215006
1722090215003
1722090215002
1722090217000
1722090215008
1722090217002
1712030117013
1712030120002
1712030215005
1712030215007
1712030216000
1712030215008
1712030116009
1712030218003
1712030119000
1712030119001
1712030119002
1712030120001
1712030119003
1712030117010
1712030215003
1712030215004
1712030119004
1712030120000
1712030119005
1712030218000
1712030215002
1712030215001
1712030215000
1712030117012
1712030218001
1712030119006
1712030216001
1712030116007
1712030116008
1712030117009
1712030117014
1712030116006
1712030119007
1712030215012
1712030119008
1712030119009
1712030215019
1712030215020
1712030119010
1710030117006
1710030215008
1710030215009
1710030217003
1710030215010
1710030118000
1710030215011
1710030217002
1710030215012
1710030215014
1710030215013
1710030217000
1710030217001
1710030215006
1710030215007
1710030217004
1710030216000
1710092119000
1710092119009
1710092119010
1710092119001
1710030117011
1710030215003
1710030215015
1710092119002
1710092119003
1710030218000
1710030215002
1710030215001
1710030215000
1710030117010
1710030218001
1710030218002
1710092119004
1710030216001
1710030117007
1710030117009
1710092119005
1710092119007
1710092119008
1710092119006
1761030215000
1761030215019
1761030217003
1761030217008
1761030215004
1761030215015
1761030215007
1761030215012
1761030118000
1761030118001
1761030215005
1761030215014
1761030217002
1761030217007
1761030215006
1761030215013
1761030215003
1761030215016
1761030215002
1761030215017
1761030217000
1761030217005
1761030217001
1761030217006
1761030215008
1761030215011
1761030215009
1761030215010
1761030217004
1761030217009
1719030118025
1719030118029
1719030118033
1719030216014
1719030216016
1719030216015
1719030216060
1719030216000
1719030216007
1719030216005
1719030216008
1719030216006
1719030216009
1719030216021
1719030216024
1719030216022
1719030216023
1719030216010
1719030216012
1719030216011
1719030216013
1719030216017
1719030216019
1719030216018
1719030216020
1719030216001
1719030216025
1719030216026
1719030216030
1719030216031
1719030216032
1719030216027
1719030216028
1719030216029
1719030216033
1719030216034
1719030216035
1719030216036
1719030216037
1719030216038
1719030216042
1719030216043
1719030216044
1719030216039
1719030216040
1719030216041
1719030216046
1719030216045
1719030216047
1719030216051
1719030216052
1719030216053
1719030216048
1719030216049
1719030216050
1719030216054
1719030216055
1719030216056
1719030216057
1719030216058
1719030216059
1719030217003
1719030217007
1719030217008
1719030217009
1719030217010
1719030217011
1719030217012
1719030217013
1719030217014
1719030217015
1719030217016
1719030217017
1719030217018
1719030217019
1719030217020
1719030217021
1719030217022
1719030217023
1719030217024
1719030217025
1719030217026
1719030217027
1719030217028
1719030217029
1719030217000
1719030217001
1719030217002
1719030217004
1719030217005
1719030217006
1719030119009
1719030119010
1719030119011
1719030119018
1719030119019
1719030119020
1719030119000
1719030119001
1719030119002
1719030119006
1719030119007
1719030119008
1719030119015
1719030119016
1719030119017
1719030119003
1719030119004
1719030119005
1719030119021
1719030119022
1719030119023
1719030119012
1719030119013
1719030119014
1719030219001
1719030219002
1719030219003
1719030219004
1719030219005
1719030219006
1719030219007
1719030219008
1719030219009
1719030219010
1719030219011
1719030219012
1719030219013
1719030219014
1719030219015
1719030219016
1719030219017
1719030219018
1719030219019
1719030219021
1719030219020
1719030219022
1719030219023
1719030219024
1719030219025
1719030219028
1719030219029
1719030219030
1719030219031
1719030219032
1719030219033
1719030219034
1719030219035
1719030120010
1719030120011
1719030120012
1719030120013
1719030120014
1719030120015
1719030120016
1719030120017
1719030120018
1719030120020
1719030120021
1719030120019
1719030120022
1719030120023
1719030120024
1719030120026
1719030120027
1719030120025
1719030120029
1719030120030
1719030120028
1719030120032
1719030120033
1719030120031
1719030120035
1719030120036
1719030120034
1769090115006
1769090115007
1769090115004
1769090115005
1769090115002
1769090115003
1769090115036
1769090115037
1769090115016
1769090115017
1769090115024
1769090115025
1769090115000
1769090115001
1769090115022
1769090115023
1769090115034
1769090115035
1769090115032
1769090115033
1769090115030
1769090115031
1769090115028
1769090115029
1769090115020
1769090115021
1769090115026
1769090115027
1769090115014
1769090115015
1769090115012
1769090115013
1769090115010
1769090115011
1769090115008
1769090115009
1769090115018
1769090115019
1769090115038
1769090115039
1769090216002
1769090216003
1769090216000
1769090216001
1769090117000
1769090117001
1769090117022
1769090117023
1769090117002
1769090117003
1769090117012
1769090117013
1769090117008
1769090117009
1769090117014
1769090117015
1769090117004
1769090117005
1769090117018
1769090117019
1769090117020
1769090117021
1769090117016
1769090117017
1769090118014
1769090118015
1769090118004
1769090118005
1769090118008
1769090118009
1769090118016
1769090118017
1769090118018
1769090118019
1769090118020
1769090118021
1769090118022
1769090118023
1769090118024
1769090118025
1769090119000
1769090119001
1769090119004
1769090119005
1769090119016
1769090119017
1769090119018
1769090119019
0
45.00
45.00
45.00
45.00
45.00
45.00
45.00
45.00
45.00
45.00
45.00
45.00
45.00
45.00
45.00
45.00
45.00
45.00
45.00
45.00
45.00
45.00
45.00
45.00
45.00
45.00
45.00
45.00
45.00
45.00
45.00
45.00
45.00
45.00
45.00
45.00
45.00
45.00
45.00
45.00
45.00
45.00
45.00
45.00
45.00
45.00
45.00
45.00
45.00
45.00
45.00
45.00
45.00
45.00
45.00
45.00
45.00
45.00
45.00
22.00
20.00
20.00
20.00
20.00
20.00
20.00
20.00
20.00
20.00
20.00
20.00
20.00
20.00
20.00
20.00
20.00
22.00
22.00
22.00
22.00
20.00
20.00
20.00
20.00
20.00
20.00
20.00
20.00
20.00
20.00
20.00
20.00
20.00
20.00
20.00
8.00
7.50
7.50
8.50
8.50
8.50
8.50
7.50
8.50
7.50
8.50
7.50
8.50
7.50
8.50
7.50
8.50
7.50
8.50
7.50
8.50
7.50
8.50
7.50
7.50
7.50
7.50
7.50
7.50
49.50
49.50
49.50
49.50
28.00
28.00
49.50
28.00
28.00
49.50
49.50
28.00
28.00
49.50
49.50
49.50
49.50
49.50
49.50
49.50
28.00
49.50
28.00
28.00
49.50
49.50
49.50
49.50
49.50
28.00
49.50
49.50
49.50
49.50
49.50
49.50
28.00
49.50
49.50
32.00
32.00
32.00
32.00
32.00
32.00
32.00
32.00
32.00
32.00
32.00
32.00
29.00
49.00
29.00
49.00
27.00
27.00
35.00
35.00
35.00
35.00
35.00
35.00
35.00
19.00
27.00
27.00
35.00
35.00
35.00
35.00
35.00
35.00
27.00
27.00
27.00
27.00
35.00
21.00
21.00
21.00
21.00
21.00
21.00
21.00
21.00
21.00
21.00
21.00
21.00
21.00
21.00
21.00
21.00
21.00
21.00
21.00
21.00
21.00
21.00
21.00
21.00
21.00
21.00
21.00
21.00
21.00
21.00
21.00
21.00
21.00
21.00
21.00
21.00
21.00
21.00
21.00
21.00
21.00
21.00
21.00
21.00
21.00
21.00
21.00
21.00
21.00
21.00
21.00
21.00
39.00
39.00
39.00
39.00
39.00
39.00
39.00
39.00
39.00
39.00
39.00
39.00
39.00
39.00
39.00
39.00
39.00
39.00
39.00
39.00
39.00
39.00
39.00
39.00
39.00
39.00
39.00
39.00
39.00
39.00
39.00
39.00
39.00
39.00
39.00
39.00
39.00
39.00
39.00
39.00
39.00
39.00
39.00
39.00
39.00
39.00
39.00
39.00
39.00
39.00
39.00
39.00
39.00
39.00
21.00
21.00
21.00
21.00
21.00
21.00
21.00
21.00
21.00
21.00
9.50
8.90
8.90
8.90
8.90
8.90
9.50
8.90
9.50
8.90
9.50
8.90
8.90
8.90
8.90
8.90
8.90
8.90
9.50
8.90
8.90
8.90
9.50
8.90
8.90
8.90
8.90
8.90
8.90
8.90
20.00
20.00
20.00
20.00
20.00
20.00
20.00
20.00
49.50
49.50
49.50
49.50
49.50
49.50
49.50
49.50
49.50
49.50
49.50
49.50
49.50
49.50
49.50
49.50
49.50
49.50
49.50
49.50
49.50
49.50
49.50
49.50
49.50
49.50
49.50
49.50
49.50
49.50
49.50
49.50
49.50
34.00
34.00
34.00
34.00
34.00
34.00
34.00
34.00
34.00
34.00
34.00
34.00
34.00
39.00
39.00
39.00
39.00
35.00
39.00
39.00
39.00
39.00
39.00
39.00
39.00
39.00
39.00
35.00
35.00
39.00
39.00
39.00
39.00
35.00
35.00
35.00
39.00
39.00
39.00
35.00
39.00
39.00
39.00
39.00
39.00
39.00
39.00
39.00
39.00
39.00
39.00
39.00
39.50
45.00
45.00
45.00
45.00
45.00
45.00
45.00
45.00
45.00
45.00
45.00
45.00
45.00
45.00
45.00
39.50
39.50
39.50
39.50
39.50
39.50
39.50
39.50
39.50
39.50
39.50
39.50
39.50
39.50
39.50
39.50
39.50
39.50
39.50
39.50
39.50
39.50
39.50
39.50
39.50
129.00
175.00
129.00
175.00
129.00
175.00
129.00
175.00
129.00
175.00
129.00
175.00
129.00
175.00
129.00
175.00
129.00
175.00
129.00
175.00
129.00
175.00
129.00
175.00
129.00
175.00
129.00
175.00
129.00
175.00
19.00
23.00
29.00
35.00
45.00
35.00
45.00
35.00
45.00
35.00
45.00
35.00
45.00
35.00
45.00
35.00
45.00
35.00
45.00
35.00
45.00
35.00
45.00
35.00
45.00
19.00
23.00
29.00
19.00
23.00
29.00
19.00
23.00
29.00
19.00
23.00
29.00
19.00
23.00
29.00
19.00
23.00
29.00
19.00
23.00
29.00
23.00
19.00
29.00
19.00
23.00
29.00
19.00
23.00
29.00
19.00
23.00
29.00
19.00
23.00
29.00
19.00
23.00
29.00
19.00
23.00
29.00
19.00
23.00
29.00
19.00
23.00
29.00
19.00
23.00
29.00
19.00
23.00
29.00
19.00
23.00
29.00
19.00
23.00
29.00
19.00
23.00
29.00
19.00
23.00
29.00
19.00
23.00
29.00
19.00
23.00
29.00
19.00
23.00
29.00
19.00
23.00
29.00
19.00
23.00
29.00
19.00
23.00
29.00
19.00
23.00
29.00
19.00
23.00
29.00
19.00
23.00
29.00
19.00
23.00
29.00
19.00
23.00
29.00
19.00
23.00
29.00
19.00
23.00
29.00
19.00
23.00
29.00
19.00
29.00
23.00
35.00
45.00
35.00
45.00
35.00
45.00
35.00
45.00
35.00
45.00
35.00
45.00
19.00
23.00
29.00
19.00
23.00
29.00
19.00
23.00
29.00
23.00
29.00
19.00
19.00
23.00
29.00
23.00
29.00
19.00
23.00
29.00
19.00
23.00
29.00
19.00
23.00
29.00
19.00
95.00
149.00
95.00
149.00
95.00
149.00
95.00
149.00
95.00
149.00
95.00
149.00
95.00
149.00
95.00
149.00
95.00
149.00
95.00
149.00
95.00
149.00
95.00
149.00
95.00
149.00
95.00
149.00
95.00
149.00
95.00
149.00
95.00
149.00
95.00
149.00
95.00
149.00
95.00
149.00
95.00
149.00
95.00
149.00
95.00
149.00
95.00
149.00
95.00
149.00
95.00
149.00
95.00
149.00
95.00
149.00
95.00
149.00
95.00
149.00
95.00
149.00
95.00
149.00
95.00
149.00
95.00
149.00
95.00
149.00
95.00
149.00
95.00
149.00
95.00
149.00
95.00
149.00
95.00
149.00
95.00
149.00
95.00
149.00
95.00
149.00
95.00
149.00
0
0%
0%
0%
0%
0%
0%
0%
0%
0%
0%
0%
0%
0%
0%
0%
0%
0%
0%
0%
0%
0%
0%
0%
0%
0%
0%
0%
0%
0%
0%
0%
0%
0%
0%
0%
0%
0%
0%
0%
0%
0%
0%
0%
0%
0%
0%
0%
0%
0%
0%
0%
0%
0%
0%
0%
0%
0%
0%
0%
0%
0%
0%
0%
0%
0%
0%
0%
0%
0%
0%
0%
0%
0%
0%
0%
0%
0%
0%
0%
0%
0%
0%
0%
0%
0%
0%
0%
0%
0%
0%
0%
0%
0%
0%
0%
0%
0%
0%
0%
0%
0%
0%
0%
0%
0%
0%
0%
0%
0%
0%
0%
0%
0%
0%
0%
0%
0%
0%
0%
0%
0%
0%
0%
0%
0%
0%
0%
0%
10%
10%
0%
10%
10%
0%
0%
10%
10%
0%
0%
0%
0%
0%
0%
0%
10%
30%
10%
10%
0%
0%
0%
0%
0%
10%
0%
0%
0%
0%
0%
0%
10%
0%
0%
0%
0%
0%
0%
0%
0%
0%
30%
30%
0%
0%
0%
0%
0%
0%
0%
0%
0%
0%
0%
0%
0%
0%
0%
0%
0%
0%
0%
0%
0%
0%
0%
0%
0%
0%
0%
0%
0%
0%
0%
0%
0%
0%
0%
0%
0%
0%
0%
0%
0%
0%
0%
0%
0%
0%
0%
0%
0%
0%
0%
0%
0%
0%
0%
0%
0%
0%
0%
0%
0%
0%
0%
0%
0%
0%
0%
0%
0%
0%
0%
0%
0%
0%
0%
0%
0%
0%
0%
0%
0%
0%
0%
0%
0%
0%
0%
0%
0%
0%
0%
0%
0%
0%
0%
0%
0%
0%
0%
0%
0%
0%
0%
0%
0%
0%
0%
0%
0%
0%
0%
0%
0%
0%
0%
0%
0%
0%
0%
0%
0%
0%
0%
0%
0%
0%
0%
0%
0%
0%
0%
0%
0%
0%
0%
0%
0%
0%
0%
0%
0%
0%
0%
0%
0%
0%
0%
0%
0%
0%
0%
0%
0%
0%
30%
0%
0%
0%
0%
0%
0%
30%
0%
0%
0%
0%
0%
0%
30%
0%
0%
0%
0%
0%
0%
0%
0%
0%
0%
0%
0%
30%
0%
0%
0%
0%
0%
0%
0%
0%
0%
0%
0%
0%
0%
0%
0%
0%
0%
0%
0%
30%
0%
0%
0%
0%
0%
30%
0%
0%
0%
0%
0%
0%
0%
0%
0%
0%
0%
0%
0%
0%
0%
0%
0%
30%
30%
30%
0%
0%
0%
0%
0%
0%
0%
0%
0%
0%
0%
0%
0%
0%
0%
0%
0%
0%
0%
0%
0%
0%
0%
0%
0%
30%
0%
0%
0%
0%
0%
0%
30%
0%
0%
0%
0%
0%
0%
0%
0%
0%
0%
0%
0%
0%
0%
0%
0%
0%
30%
30%
30%
0%
0%
0%
0%
0%
0%
0%
0%
0%
0%
0%
0%
0%
0%
0%
0%
0%
0%
30%
0%
30%
0%
0%
0%
30%
0%
0%
0%
0%
0%
0%
0%
0%
0%
0%
0%
0%
0%
0%
0%
0%
0%
0%
0%
0%
30%
30%
30%
30%
30%
30%
0%
0%
0%
0%
0%
0%
0%
0%
0%
0%
0%
0%
0%
0%
0%
0%
0%
0%
0%
0%
0%
0%
0%
0%
0%
0%
0%
0%
0%
0%
0%
0%
0%
0%
0%
0%
0%
0%
0%
0%
0%
0%
0%
0%
0%
0%
0%
0%
0%
0%
0%
0%
0%
0%
0%
0%
0%
0%
0%
0%
0%
0%
0%
0%
0%
0%
0%
0%
0%
0%
0%
0%
0%
0%
0%
0%
0%
0%
0%
0%
0%
0%
0%
0%
0%
0%
0%
0%
0%
0%
0%
0%
0%
0%
0%
0%
0%
0%
0%
0%
0%
0%
0%
0%
0%
0%
0%
0%
0%
0%
0%
0%
0%
0%
0%
0%
0%
0%
0%
0%
0%
0%
0%
0%
0%
0%
0%
0%
0%
0%
0%
0%
0%
0%
0%
0%
0%
0%
0%
0%
0%
0%
0%
0%
0%
0%
0%
0%
0%
0%
0%
0%
0%
0%
0%
0%
0%
0%
0%
0%
0%
0%
0%
0%
0%
0%
0%
0%
0%
0%
0%
0%
0%
0%
0%
0%
0%
0%
0%
0%
0%
0%
0%
0%
0%
0%
0%
0%
0%
0%
0%
0%
0%
0%
0%
0%
0%
30%
30%
30%
30%
30%
30%
0%
0%
0%
0%
0%
0%
0%
0%
0%
0%
0%
0%
30%
30%
30%
30%
0%
0%
0%
0%
0%
0%
0%
0%
0%
0%
30%
30%
0%
0%
0%
0%
0%
0%
30%
30%
30%
30%
0%
0%
30%
30%
0%
0%
30%
30%
0%
0%
0%
0%
30%
30%
0%
0%
30%
30%
0%
0%
0%
0%
0%
0%
0%
0%
0%
0%
0%
0%
100