612
613
614
615
616
617
618
619
620
621
622
623
624
434
435
436
437
438
439
440
563
564
565
566
567
568
569
570
571
283350123456
283390123456
283380123456
283370123456
203360123456
3562
283400123456
283420123456
642
643
644
645
646
647
648
8701
8702
8703
8704
8705
8706
8707
8708
8709
7000
7001
7002
7003
7004
7005
7006
7007
7008
7009
7010
7011
7012
7013
7014
7015
7016
7017
7018
7019
7020
625
626
627
628
629
630
631
632
633
634
635
636
637
841
842
843
844
845
846
8531
8532
8533
8534
8535
8536
8537
8538
8539
8540
8541
8542
8543
8544
8545
8546
8547
8548
8549
8550
8551
8552
8553
8554
8555
8556
8557
8558
8559
441
442
443
444
445
446
447
108
109
110
111
112
113
114
115
572
573
574
575
576
577
578
579
580
847
848
849
850
851
852
363
364
365
366
367
290350123456
290390123456
290380123456
290370123456
290410123456
290360123456
290400123456
290420123456
190
9013
754
760
767
774
781
837
838
839
840
204120123456
204100123456
204090123456
3513
204130123456
422
423
424
425
426
428
429
430
431
290300123456
290310123456
290290123456
290280123456
290320123456
290330123456
290340123456
290270123456
290260123456
417
418
419
420
421
427
8500
8501
8502
8503
8504
8505
8506
8507
8508
8509
8510
8511
8512
8513
8514
8515
8516
8517
8518
8519
8520
8521
8522
8523
8524
8525
8526
8527
8529
8530
100
101
102
103
104
105
106
107
124
125
126
127
128
129
130
131
853
854
855
672
678
684
690
697
704
711
717
723
729
753
759
766
773
780
735
741
359
360
361
362
448
449
450
451
452
453
454
822
409
410
411
412
825
581
582
583
584
585
586
587
588
589
826
817
8299
8300
8301
8302
8303
8304
8305
8306
8307
8308
8309
8310
8311
8312
8313
8314
8315
8316
8317
8318
8319
8320
8321
8322
8323
8324
8325
8326
8327
8328
8329
3600
330360123456
3602
802
803
804
823
824
385
386
387
2038
2044
2050
799
800
801
213
224
234
243
253
297
311
325
339
348
354
638
639
640
641
388
389
390
391
392
393
394
395
396
397
398
399
400
413
414
416
827
828
829
830
831
832
188
811
812
115610123456
3506
115550123456
115590123456
115630123456
3871
3872
3873
3874
875
876
9048
9049
9050
9051
9052
9053
9054
9055
9056
9057
9058
9059
9060
9061
9062
9063
9064
9065
9066
9067
9068
9069
9070
9071
9072
9073
9074
9075
9076
9077
9078
9079
9080
9081
9082
9083
9084
9085
860
861
862
863
373
374
375
379
380
691
698
705
9002
381
383
384
795
796
797
798
808
809
810
187
368
369
370
371
372
2039
2045
2051
813
814
815
816
864
865
866
867
5011
5012
5013
5014
5015
5016
5017
5018
5019
5020
5021
599
600
601
602
603
604
605
606
607
608
609
610
611
132
133
134
135
136
137
138
105500123456
105460123456
105440123456
105480123456
105520123456
186
8561
8562
8563
8564
8565
8566
8567
8568
8569
8590
8591
8592
8593
8594
8595
8596
8597
8598
8599
8600
8601
8602
8603
8604
8605
8606
8607
8608
8609
8610
3755
282050123456
282010123456
872
873
874
8715
8721
8727
8733
8739
8745
8751
8757
8763
283030123456
283040123456
805
806
807
282390123456
282370123456
189
212
215
223
226
233
236
242
245
252
255
274
296
299
310
313
324
327
338
341
347
350
353
356
9018
9019
9020
9021
9022
9023
9024
9025
9026
9027
9028
9029
8999
9030
9031
9032
9033
9034
9035
9036
9037
9038
9039
9040
9041
9042
9043
9044
9045
9046
9047
301700123456
301770123456
301730123456
301720123456
301750123456
301710123456
301780123456
301760123456
182
183
184
590
591
592
593
594
595
596
597
598
3867
3868
3869
3870
868
869
870
871
455
456
457
458
459
460
461
283100123456
283090123456
3520
9001
12008
12009
12010
12011
12014
12015
12016
281850123456
282300123456
282270123456
3745
282280123456
281870123456
282460123456
282320123456
282310123456
282480123456
281900123456
282500123456
282510123456
282410123456
5000
5001
5002
5003
5004
5005
5006
5007
5008
5009
5010
116
117
118
119
120
121
122
123
1138
1139
1140
1141
1785
1786
1713090217000
1713090215002
3603
322220123456
3605
1128086120002
1128086120000
1128086120003
1128086120001
1128086120004
1128086120005
536
537
538
539
540
541
542
543
544
545
546
547
548
549
550
551
552
553
554
555
556
557
558
559
560
561
562
8001
8002
8003
8004
8005
8006
8007
8008
8009
8010
8011
8012
8013
8014
8015
8016
8017
8018
8019
8020
8021
8022
8023
8024
8025
8026
8027
8028
8029
8030
8031
1086
1087
1088
1089
1783
1784
283130123456
283150123456
3526
283160123456
283180123456
283170123456
283210123456
283200123456
283190123456
1113086118002
1113086118003
1113086118005
1113086118001
1113086118000
1113086118004
1719030120036
1719030120033
1719030120021
1719030120018
1719030120015
1719030120012
1719030120024
1719030120035
1719030120020
1719030120017
1719030120014
1719030120011
1719030120023
5345
856
857
858
859
501370123456
469
470
471
472
473
475
476
9003
9004
282420123456
282450123456
1315
1320
1325
1330
1335
1340
1345
104650123456
3203
3206
113470123456
115660123456
8671
8672
8673
8674
8675
8676
8677
8678
8679
8680
8681
8682
8683
8684
8685
8686
8687
8688
8689
8690
8691
8692
8693
8694
8695
8696
8697
8698
8699
8700
1310
1300
1305
667
673
679
685
692
699
706
712
718
724
736
228
247
257
276
290
301
315
329
343
352
358
1714086119002
1714086219002
1714086219011
1714086219006
1714086219010
1714086219005
1714086219008
1714086219004
1714086219001
3204
3205
748
761
768
775
9015
155
156
157
158
159
160
161
162
12001
12002
12003
12006
3572
3573
3574
152780123456
152770123456
152960123456
152970123456
113000123456
113040123456
113010123456
112990123456
3738
113050123456
3740
115370123456
9465
9466
9467
9468
9469
9014
1301
1306
1311
8094
8095
8096
8097
8098
8099
8100
8101
8102
8103
8104
8105
8106
8107
8108
8109
8110
8111
8112
8113
8114
8115
8116
8117
8118
8119
8200
8201
8202
8203
8204
668
674
680
686
693
700
707
713
719
725
737
301790123456
301830123456
301820123456
301850123456
301860123456
301800123456
301840123456
301870123456
3575
1316
1321
1326
1331
1336
1341
1346
749
755
762
769
776
208
210
238
240
248
250
291
294
305
308
319
322
333
336
1070
1071
1072
1073
1074
1075
1076
1077
1078
1079
1080
1081
1082
1083
1084
1085
1122
1123
1124
1125
1126
1127
1128
1129
1130
1131
1132
1133
1134
1135
1136
1137
1174
1175
1176
1177
1791
1792
13000
13001
13002
13003
13004
13005
13006
3714
3715
3716
477
478
479
480
481
483
484
1113092120004
1113092120000
1113092120002
1113092120003
1122090214010
1122090214007
1122090214009
1122090214006
1122090214008
1113086118008
1113086118009
1113086118011
1113086118007
9016
1710030215013
1710030215014
1710030217000
3238
115790123456
115730123456
115850123456
115830123456
115750123456
115810123456
115680123456
115700123456
115690123456
115670123456
113150123456
113190123456
113180123456
501420123456
8710
8716
8722
8728
8734
8740
8746
8752
8758
1781
1782
1066
1067
1068
1069
12
13
14
15
16
17
18
19
20
21
22
214
225
235
244
254
273
298
312
326
340
349
355
493
494
495
496
497
498
499
500
501
502
503
504
505
506
507
508
510
511
512
513
514
515
516
517
518
519
520
521
522
523
524
525
526
527
528
529
530
531
532
533
534
535
115530123456
115500123456
115420123456
115440123456
115490123456
100009
303
317
331
345
216
218
227
237
246
256
275
292
300
306
314
320
328
334
342
351
357
1090
1091
1092
1093
1094
1095
1096
1097
1098
1099
1100
1101
1102
1103
1104
1105
1142
1143
1144
1145
1147
1148
1150
1151
1152
1153
1154
1155
1156
1157
3863
3864
8611
8612
8613
8614
8615
8616
8617
8618
8619
8620
8621
8622
8623
8624
8625
8626
8627
8628
8629
8630
8631
8632
8633
8634
8635
8636
8637
8638
8639
1194
1195
1196
1197
1787
1788
3076
3080
3083
1405
1406
1407
1408
3166
3167
104620123456
105680123456
3171
486
487
488
489
491
492
3172
3173
1729
1730
1731
322040123456
322030123456
322050123456
322060123456
139
140
141
142
143
144
145
146
8267
8268
8269
8270
8271
8272
8273
8274
8275
8276
8277
8278
8279
8280
8281
8282
8283
8284
8285
8286
8287
8288
8289
8290
8291
8292
8293
8294
8295
8296
8297
8729
8735
750
756
763
770
777
1302
1307
1322
1327
1332
1337
1342
1347
8711
8717
8723
8741
8747
8753
8759
8641
8642
8643
8644
8645
8646
8647
8648
8649
8650
8651
8652
8653
8654
8655
8656
8657
8658
8659
8660
8661
8662
8663
8664
8665
8666
8667
8668
8669
8670
669
675
681
687
694
701
708
714
720
726
738
1234
1235
1236
1237
1709
1710
1711
1789
1790
147
148
149
150
151
152
153
154
1133030120044
9000
501510123456
501530123456
13007
13008
13009
13010
13011
13012
13013
9460
9461
9462
9463
9464
78
79
80
81
82
83
84
85
86
87
88
1113092120005
1113092120006
1113092120008
1113092120007
1111086219026
3091
3092
1111086219022
3094
3095
1710030216000
1710092119001
1710092119008
1710030215015
1710092119004
1710092119007
1710092119010
1710092119003
1710092119000
1710092119009
1710030216001
1710092119005
1710092119002
1710030215003
104130123456
818
3042
3043
3044
3068
3072
1133030118052
104380123456
1050
1051
1052
1053
1054
1055
1056
1057
1058
1059
1060
1061
1062
1063
1064
1065
1158
1159
1160
1161
1162
1163
1164
1165
1166
1167
1168
1169
1170
1171
1172
1173
819
3096
3097
3098
3099
751
757
764
771
778
9017
1354
1355
1356
1358
1360
1361
1365
1369
1370
1371
670
676
682
688
695
702
709
715
721
727
739
820
821
105810123456
115720123456
105790123456
105970123456
105850123456
105830123456
105750123456
3825
3826
3827
501560123456
9005
23
24
25
26
27
28
29
30
31
32
33
1214
1215
1216
1217
1793
1794
3071
3075
3079
105670123456
104370123456
3865
3866
1112030219002
1112030219001
105420123456
105400123456
105320123456
105340123456
105380123456
209
239
249
293
307
321
335
1178
1179
1180
1181
1182
1183
1184
1185
1186
1187
1188
1189
1190
1191
1192
1193
3077
3081
1400
1401
1402
1403
752
758
765
772
779
9007
9009
9011
2034
2040
2046
8712
8718
8724
8730
8736
8742
8748
8754
8760
1106
1107
1108
1109
1110
1111
1112
1113
1114
1115
1116
1117
1118
1119
1120
1121
1308
1313
1318
1323
1328
1333
1338
1343
1348
671
677
683
689
696
703
710
716
722
728
740
1278
1279
1280
1281
1282
1283
1284
1795
1796
1303
9510
9514
9515
3078
3082
1720
1721
1722
3225
3226
3227
3228
3229
3230
3231
3232
3233
3234
3235
3236
3237
322080123456
322070123456
322090123456
322100123456
211
241
251
295
302
309
316
323
330
337
344
1219
1220
1221
1222
1223
1224
1225
1226
1227
1228
1229
1230
1231
1232
1233
1238
1239
1240
1241
1242
1243
1244
1245
1246
1261
3016
3017
3018
3019
3020
3021
3022
3023
3024
3025
3026
1110092120009
1110092120005
1110092120010
1110092120012
1110092120004
1110092120003
1110092120002
1110092120001
1110092120006
1110092120007
1110092120008
1110092120011
1110092120014
1110092120013
1110092219031
1110092219034
1110092219030
1110092219033
3700
3701
3702
3703
3704
3705
1113086218006
1113086218007
τεστ
67
68
69
70
71
72
73
74
75
76
77
501520123456
501540123456
9516
9517
9518
9519
9520
9521
9522
9523
9524
9525
9526
89
90
91
92
93
94
95
96
97
98
99
8063
8064
8065
8066
8067
8068
8069
8070
8071
8072
8073
8074
8075
8076
8077
8078
8079
8080
8081
8082
8083
8084
8085
8086
8087
8088
8089
8090
8091
8092
8093
3002
3003
3004
3005
3006
3007
3008
1285
1286
1287
1514
1515
1516
1517
145160123456
164020123456
145150123456
105570123456
105580123456
1111086219032
1111086219029
1111086219030
1111086219028
1111086219027
1111086219031
304
318
332
346
1250
1252
1253
1255
1256
1257
1258
1259
1260
8713
8719
8725
8731
8737
8743
8749
8755
8761
9006
1732
1733
1734
1409
1410
9008
9010
9012
2035
2041
2047
172600123456
3818
1198
1199
1200
1201
1202
1203
1204
1205
1206
1207
1208
1209
1210
1211
1212
1213
1110092119043
1110092219032
3100
3101
3102
3103
3104
3105
163510123456
8205
8206
8207
8208
8209
8210
8211
8212
8213
8214
8215
8216
8217
8218
8219
8220
8221
8222
8223
8224
8225
8226
8227
8228
8229
8230
8231
8232
8233
8234
8235
56
57
58
59
60
61
62
63
64
65
66
1735
1736
1737
104390123456
104330123456
104290123456
105270123456
8714
8720
8726
8732
8738
8744
8750
8756
8762
1111086219012
1111086219009
13022
13023
13024
1111086219003
1262
1263
1264
1265
1266
1267
1268
1269
1270
1271
1272
1273
1274
1275
1276
1277
197
199
201
203
206
105600123456
3069
3073
1769090115034
1769090117014
8032
8033
8034
8035
8036
8037
8038
8039
8040
8041
8042
8043
8044
8045
8046
8047
8048
8049
8050
8051
8052
8053
8054
8055
8056
8057
8058
8059
8060
8061
8062
3219
3220
3221
9511
9513
3209
3210
3211
3212
3213
3215
3217
3218
1113090219016
1113090219018
1113034119009
1113034119005
1113034119006
1113034119007
34
35
36
37
38
39
40
41
42
43
44
1723
1724
1725
3200
1113086216012
321950123456
3800
321980123456
322000123456
321990123456
3070
3074
3822
3045
3046
3047
1288
1289
1290
1112030120000
1112030119004
8236
8237
8238
8239
8240
8241
8242
8243
8244
8245
8246
8247
8248
8249
8250
8251
8252
8253
8254
8255
8256
8257
8258
8259
8260
8261
8262
8263
8264
8265
8266
1113086219005
3222
3223
1738
1739
1740
2036
2042
2048
45
46
47
48
49
50
51
52
53
54
55
163930123456
163720123456
205
198
202
9527
9528
9529
9530
9531
9532
9533
9534
9535
9536
1291
1292
1293
3224
104560123456
3202
1113086216003
110009
110010
200
204
207
105025
1312
1111086219039
1111086219037
1111086219038
1111086219036
1111086219035
1111086219034
110007
110008
110006
3052
3055
3056
3059
3060
3063
3064
3067
3027
3028
3029
3030
3031
3032
3033
3034
3035
3036
3037
3009
3010
3011
3012
3013
3014
3015
1769090117015
105620123456
105640123456
105630123456
163890123456
3820
3515
3516
3517
1179091119001
1179091119000
3053
3057
3061
3065
3054
3058
3062
3066
1111086218037
1179091119003
1179091119002
1179091119008
110004
110005
110001
110002
110003
2055
2054
2052
2053
24015
8628358
1114086219009
1114086219008
1114086219006
1114086219007
1114086219019
1114086219018
1114086219021
1114086219020
1114030120000
1114030120001
1114030120002
1114030120006
1114030120007
1114030120008
1114030120009
1114086120043
1114086120042
1114086120040
1114086120044
1114086120038
1114086120041
1114086120039
1114086120037
1114086119035
1114086119037
1114086119056
1114086119041
1114086219001
1114086119053
1114086119054
1114086119045
1114086119055
1114086119060
1114086119050
1133086217018
1133086217017
1133086217016
1116086217004
1133086217025
1133086217024
1133086217026
1133086217027
1116086217006
1133086217000
1133086217001
1133086217002
1116086217000
1133086217032
1133086217033
1133086217034
1116086217008
1133086217004
1133086217005
1133086217006
1116086217001
1133086217028
1133086217029
1133086217030
1133086217021
1133086217022
1116086217005
1133086217008
1133086217009
1133086217010
1133086217011
1116086217002
1114086219014
1114086219015
1114086219012
1114086219011
1114086219010
1304
1309
1314
1317
1319
1324
1329
1334
1339
1344
1349
1110030119004
1110030119022
1110030119012
1110030119007
1110030119006
1110030119003
1110030119005
1110030119020
1110030119026
1110030120000
1122090120004
1122090120007
1122090120005
1122090120006
1122090120010
1122090120009
1122090120008
1122090120011
1122090219037
1122090219036
1122090219034
1122090219033
1122090219032
1122090118031
1122090118032
1122090217010
1122090217008
1122090217009
1122030219016
1122090120001
1122090120003
1122090120000
1122090120002
1131090214005
1131090214004
1131090214002
1131090214001
1131090214006
1131090214007
1131090214009
1131090214010
1131090215000
1131090215002
1131090215001
1131090215003
1131090215004
1131090215005
1131090217000
1131090217001
1131090217002
1131090217003
1131090217004
1131090217005
1131090217006
1131090217007
1131092110007
1131092110008
1131092110015
1131092110017
1131092110025
1131092110026
1131092115002
1131092115004
1131092116001
1131092116010
1131092119001
1131092119003
1131092119004
1131092216006
1131092216008
1131090114003
1131090114004
1131090117000
1131090117001
1131090117002
1131090117003
1131090117004
1131090117005
1131090117006
1131090212000
1131090212002
1131090212003
1131090212001
1131090212006
1131090212007
1131090212008
1131090212023
1131090212009
1131090212010
1131090212024
1131090212011
1131090212012
1131090212013
1131090212014
1131090212015
1131090212016
1131090212017
1131090212027
1115030116001
1115030116000
1115030116003
1115086110000
1115086213000
1115086213002
1119086119003
1119086119004
1119086119011
1119086119012
1
2
3
4
5
6
7
8
9
10
11
1110092118032
1110092118033
1110092219001
1110092219002
1110092219003
1110092219004
1161092118000
1161092118001
1161092219000
1161092118002
1131092118001
1131092118002
1131092219005
1131092219006
1122092118000
1122092219000
1122092219045
1122092219044
1122092219046
190016
1164086215004
1164086111001
1164086215007
1164086215008
1118086212001
190014
219
220
221
222
229
230
231
232
401
402
403
404
1130030119016
1130090119000
1130090119001
1128086119001
1128030218001
1113351120001
1113351120003
1113351120002
1113351120000
1113351120005
649
1127091218004
1127091218016
652
653
1127091218014
1127091218030
1127091218031
1127091218019
1127091218034
1127091218020
1127091216002
1127091216005
787
788
789
790
791
792
793
794
833
834
835
836
1139091118089
1139091118091
1139091118093
1139091118095
1139091118090
1139091118092
1139091118094
1139091118097
1139091118099
1139091118101
1139091118098
1139091118100
1139091118102
1139091118081
1139091118085
1139091118087
1139091118084
1139091118086
1139091118088
1139091118109
1139091118110
1139091118111
1139091118112
1139091118107
1139091118108
1139091118105
1139091118106
1139091118104
1769090216001
1769090115005
1769090115007
1769090115015
1769090115019
1769090115025
1769090115029
1769090115001
1769090115003
1769090115017
921
1769090115016
1769090115010
1769090115014
1769090115028
1769090115000
1769090115004
1769090115036
1769090115020
1769090115021
1769090115038
1769090115022
1769090115024
1769090216003
1769090216002
1769090216000
1769090115006
1001
1002
1003
1004
1005
1006
1007
1008
1009
1010
1011
1012
1013
1014
1015
1016
1500
1501
1502
1503
1504
1505
1506
1507
1508
1509
1510
1511
1512
1513
1567
1568
1569
1570
1571
1714030120006
1714030120005
1714030120004
1575
1710030118000
1710030215006
1710030217004
1710030215011
1710030215008
1590
1713090215008
1713090215005
1713090217002
1713090217001
1713090215004
1713090215006
1713090217004
1713090217003
1713090215000
1700
1701
1702
1113092219003
1113092219002
1113092219001
1113092219000
1761
1762
1764
1765
1767
1768
1770
1771
1773
1774
1776
1777
1779
1780
1750
1751
1752
1753
1754
1755
1756
1757
1758
1759
1797
1798
1799
1800
1801
1802
1803
1804
1805
1806
1807
1808
1810
1811
1812
1813
1814
1815
1816
1817
1818
1819
1820
1821
1822
1823
1824
1825
1826
1827
1828
1829
1830
1831
1832
1833
1834
1835
1836
1837
1838
1839
1840
1841
1842
1843
1844
1845
1846
1847
1722090118000
1722090217004
1722090215006
1722090217002
1722090217003
2010
1722090215001
1722090215008
1722090215000
1731090118000
1731090217002
1731090217003
1731090215008
1731090215000
1719030120009
1719030120002
2021
1719030120001
2023
2024
1719030116026
1719030120008
1719030116021
1719030116000
1719030219049
1719030219050
1719030219048
1719030116020
2037
2043
2049
3606
3607
3608
3609
3610
3611
1111086218038
0
1.55
1.55
1.55
1.55
1.55
1.55
1.55
1.55
1.55
1.55
1.55
1.55
1.55
1.95
1.95
1.95
1.95
1.95
1.95
1.95
2
2
2
2
2
2
2
2
2
3.3
3.3
3.3
3.3
3.3
3.3
3.3
3.3
4.5
4.5
4.5
4.5
4.5
4.5
4.5
4.9
4.9
4.9
4.9
4.9
4.9
4.9
4.9
4.9
4.9
4.9
4.9
4.9
4.9
4.9
4.9
4.9
4.9
4.9
4.9
4.9
4.9
4.9
4.9
4.9
4.9
4.9
4.9
4.9
4.9
5.25
5.25
5.25
5.25
5.25
5.25
5.25
5.25
5.25
5.25
5.25
5.25
5.25
6.5
6.5
6.5
6.5
6.5
6.5
5.9
5.9
5.9
5.9
5.9
5.9
5.9
5.9
5.9
5.9
5.9
5.9
5.9
5.9
5.9
5.9
5.9
5.9
5.9
5.9
5.9
5.9
5.9
5.9
5.9
5.9
5.9
5.9
5.9
6.2
6.2
6.2
6.2
6.2
6.2
6.2
6.5
6.5
6.5
6.5
6.5
6.5
6.5
6.5
6.5
6.5
6.5
6.5
6.5
6.5
6.5
6.5
6.5
7.44
7.44
7.44
7.44
7.44
7.44
7.01
7.01
7.01
7.01
7.01
8
8
8
8
8
8
8
8
8.7
8.8
8.9
8.9
8.9
8.9
8.9
9.17
9.17
9.17
9.17
9
9
9
9
9
9.9
9.9
9.9
9.9
9.9
9.9
9.9
9.9
9.9
10
10
10
10
10
10
10
10
10
13.5
13.5
13.5
13.5
13.5
13.5
10.9
10.9
10.9
10.9
10.9
10.9
10.9
10.9
10.9
10.9
10.9
10.9
10.9
10.9
10.9
10.9
10.9
10.9
10.9
10.9
10.9
10.9
10.9
10.9
10.9
10.9
10.9
10.9
10.9
10.9
11.5
11.5
11.5
11.5
11.5
11.5
11.5
11.5
11.5
11.5
11.5
11.5
11.5
11.5
11.5
11.5
12.9
12.9
12.9
11.8
11.8
11.8
11.8
11.8
11.8
11.8
11.8
11.8
11.8
11.9
11.9
11.9
11.9
11.9
11.8
11.8
12.4
12.4
12.4
12.4
12.4
12.4
12.4
12.4
12.4
12.4
12.4
13.89
12.6
12.6
12.6
12.6
14.14
13.1
13.1
13.1
13.1
13.1
13.1
13.1
13.1
13.1
15.55
15.12
13.7
13.7
13.7
13.7
13.7
13.7
13.7
13.7
13.7
13.7
13.7
13.7
13.7
13.7
13.7
13.7
13.7
13.7
13.7
13.7
13.7
13.7
13.7
13.7
13.7
13.7
13.7
13.7
13.7
13.7
13.7
13
13
13
15.37
15.37
15.37
15.38
15.38
13.9
13.9
13.9
14.3
14.3
14.3
15.87
15.87
15.87
14.5
14.5
14.5
14.5
14.5
14.5
14.5
14.5
14.5
14.5
14.5
16.4
16.4
16.4
16.4
14.5
14.5
14.5
14.5
14.5
14.5
14.5
14.5
14.5
14.5
14.5
14.5
14.5
14.9
14.9
14.9
16.62
16.62
16.62
16.62
16.62
16.62
15.1
17.36
17.36
15.5
15.5
15.5
15.5
15.5
17.8
17.8
17.8
17.8
19.3
19.3
17.5
17.5
17.5
17.5
17.5
17.5
17.5
17.5
17.5
17.5
17.5
17.5
17.5
17.5
17.5
17.5
17.5
17.5
17.5
17.5
17.5
17.5
17.5
17.5
17.5
17.5
17.5
17.5
17.5
17.5
17.5
17.5
17.5
17.5
17.5
17.5
17.5
17.5
19.59
19.59
19.59
19.59
17.8
17.8
17.8
17.8
17.8
17.8
17.8
17.8
18
18.2
18.2
18.2
20.59
20.59
20.59
20.59
20.58
20.58
20.58
18.8
18.8
18.8
18.8
18.8
18.8
18.9
18.9
18.9
21.33
21.33
21.33
21.33
22.07
22.07
22.07
22.07
20
20
20
20
20
20
20
20
20
20
20
20
20
20
20
20
20
20
20
20
20
20
20
20
20.2
20.2
20.2
20.2
20.2
20.2
20.2
22
22
22
22
22
20.3
21
21
21
21
21
21
21
21
21
21
21
21
21
21
21
21
21
21
21
21
21
21
21
21
21
21
21
21
21
21
19.9
19.9
19.9
24.3
24.3
24.3
22
22
22
22
22
22
22
22
22
21
21
25
25
25
24
24
22.7
23
23
23
23
23
23
23
23
23
23
23
23
23
23
23
23
23
23
23
23
23
23
23
23.2
23.2
23.2
23.2
23.2
23.2
23.2
23.2
23.2
23.2
23.2
23.2
23.2
23.2
23.2
23.2
23.2
23.2
23.2
23.2
23.2
23.2
23.2
23.2
23.2
23.2
23.2
23.2
23.2
23.2
23.2
22.5
22.5
22.5
22.5
22.5
22.5
22.5
22.5
23.9
23.9
23.9
24
24
24
24
24
24
24
24
24
25.8
25.8
25.8
25.8
27
27
27
27
24.5
24.5
24.5
24.5
24.5
24.5
24.5
30
30
30
25
26.6
26.6
26.6
26.6
26.6
26.6
26.6
27
27
27
27
27
27
27
27
27
27
27
31
31
31
26
26
26
26
26
26
26
26
26
26
26
26
26
26
26
26
26
26
26
27
27
27
27
26
26
32
32
25
25
25
25
25
25
25
25
25
35
35
35
35
35
35
35
35
35
35
35
35
35
35
35
35
35
35
35
35
35
35
35
35
35
35
35
26.8
26.8
26.8
26.8
26.8
26.8
26.8
26.8
26.8
26.8
26.8
26.8
26.8
26.8
26.8
26.8
26.8
26.8
26.8
26.8
26.8
26.8
26.8
26.8
26.8
26.8
26.8
26.8
26.8
26.8
26.8
27
27
27
27
27
27
33
33
33
33
33
33
33
33
33
29
29
29
29
29
29
29
29
29
29
29
29
29
29
29
29
29
29
29
26
30.5
30.5
30.5
30.5
26
27.9
27.9
27.9
27.9
27.9
27.9
27.9
28
28
27
27
29.4
29.4
29.4
29.4
29.4
29.4
29.4
35
35
35
35
35
29
29
29
29
29
29
29
29
29
29
29
29
29
29
29
29
29
29
29
29
29
29
29
29
29
29
29
29
29
29
29.4
29.4
29.4
29.4
29.4
29.4
29.4
29.4
29.4
29.4
29.4
29.4
29.4
29.4
29.5
29.5
29.5
29.5
29.5
29.5
29.5
29.5
29.5
29.5
29.5
28
28
28
28
28
28
28
28
28
36
36
29.8
29.8
29.8
29.8
29.6
30.4
30.4
30.4
30.4
30.4
30.4
30.4
30.4
32.5
32.5
32.5
32.5
29
29
29
29
29
29
29
34
34
34
34
34
34
34
34
32.8
32.8
32.8
32.8
32.8
34
34.4
34.4
34.4
34.4
34.4
34.4
34.4
34.4
34.4
34.4
34.4
34.4
34.4
34.4
34.4
34.4
34.4
34.4
34.4
34.4
34.4
34.4
34.4
34.4
34.4
34.4
34.4
34.4
34.4
34.4
34.4
34.4
34.4
34.4
34.4
34.4
34.4
34.4
34.4
34.4
34.4
34.4
34.4
34.4
34.4
32.5
32.5
32.5
32.5
32.5
32.5
32.5
32.5
32.5
44
34.4
34.4
34.4
34.4
34.4
34.4
34.8
34.8
34.8
34.8
34.8
35
35
35
35
35
35
35
35
35
35
35
35
35
35
35
35
35
35
35
35
35
35
35
35
35
35
35
35
35
35
35
35
35
35
35
35
35
35
35
35
35
35
35
35
35
35
35
35
35
35
35
35
37.5
37.5
37.5
37.5
37.5
37.5
37.5
38.4
38.4
38.4
36.4
36.4
36.4
36.4
36.4
36.4
36.4
39
39
39
39
39
39
39
39
39
39
39
39
39
37
45
45
45
35
35
35
35
35
35
35
35
35
35
35
35
35
35
35
37.4
37.4
37.4
37.4
37.4
37.4
37.4
37.4
37.4
37.7
37.7
37.7
37.7
37.7
37.7
38
38
38
38
38
38
38
38
38
38
38
38
38
38
38
38
38
38
38
38
38
38
38
38
38
38
38
38
38
38
38
38
38
38
38
38
38
38
38
38
38
38
38
38
38
38
38
38
38
38
38
38
38
38
38
38
38
38
38
38
38
38
38
38
38
36
36
36
36
36
36
39
39
39
39
39
39
39
39
39
39
39
39
39
39
39
39
39
39
39
39
39
39
39
39
39
39
39
39
39
39
39
39
39
39
39
39
39
39
39
39
39
39
39
39
39
39
39
39
39
39
39
41.5
41.5
39.8
39.8
39.8
39.8
39.8
39.8
39.8
39.8
39.8
39.8
39.8
39.8
39.8
39.8
39.8
39.8
39.8
39.8
39.8
39.8
39.8
39.8
39.8
39.8
39.8
39.8
39.8
39.8
39.8
39.9
39.9
39.9
39.9
39.9
39.9
39.9
39.9
39.9
38
38
38
38
49
49
49
49
49
40.6
40.6
40.6
40.6
40.6
40.6
50
50
42
42
42
45
45
45
45
42.2
42.2
42.2
42.2
42.2
42.2
42.2
42.2
43.3
43.3
43.3
43.3
43.3
43.3
43.3
43.3
43.3
43.3
43.3
43.3
43.3
43.3
43.3
43.3
43.3
43.3
43.3
43.3
43.3
43.3
43.3
43.3
43.3
43.3
43.3
43.3
43.3
43.3
43.3
44
44
43.9
43.9
43.9
43.9
43.9
44
44
44
44
44
44
44
44
44
44
44
44
44
44
44
44
44
44
44
44
44
44
44
44
44
44
44
44
44
44
44
44
44
44
44
44
44
44
44
44
44
44
44
44
44
44
44
44
44
44
44
44
44
44
44
44
44
44
44
44
44
44
44
44
44
44.4
44.4
44.4
44.4
44.4
44.4
44.4
44.4
48
45
43
43
48.5
48.5
48.5
48.5
48.5
48.5
48.5
46
46
46
46
46
46
46
46
46
46
46
46
46
46
46
46
49
49
49
49
49
49
49
49
49
49
45
45
45
45
45
45
45
45
45
45
45
45
45
45
56.99
52.33
47.3
47.3
47.3
47.5
47.5
45
45
48
48
48
48
48
48
48
48
48
48
48
48
48
48
48
48
48
48
48
48
48
48
48
48
48
48
48
48
48
48
48
48
54.56
49.6
49.6
49.6
49.6
49.8
49.8
49.8
49.8
49.8
50
51
51
51
51
51
51
51
51
51
51
51
51
51
51
51
51
51
51
51
51
51
57.04
57.04
49
49
49
49
49
49
49
67
67
67
49
52
52
52
52
52
52
52
52
52
52
52
52
52.6
52.6
52.6
52.6
52.6
52.6
52.6
52.6
52.6
56
56
56
56
65
65
50
50
50
50
50
54.5
54.5
54.5
54.5
54.5
54.5
54.5
54.5
54.5
54.5
54.5
54.5
54.5
54.5
54.5
54.5
54.5
54.5
54.5
54.5
54.5
54.5
54.5
55.9
55.9
53
53
53
53
56.4
56.4
56.4
56.4
56.4
56.5
56.5
56.5
56.5
56.5
56.5
56.9
56.9
56.9
56.9
56.9
56.9
56.9
56.9
56.9
57
57
57
57
57
57
57
57
57
57
57
57
57
57
57
57
57.7
57
57
57
57.7
57
57
57
57
57.7
57.7
57.7
57.7
57.7
57.7
57.7
57.7
57.7
57.7
57.7
58
58
58
58
58
58
58
58
58
57
58.5
58.5
58.5
58.6
58.6
58.8
58.8
58.8
56
56
56
56
56
56
56
56
56
56
56
56
56
63
63
63
63
59.5
59.5
59.5
59.5
59.5
59.5
59.5
59.5
59.5
59.5
59.5
59.5
59.5
59.5
59.5
59.5
59.5
68.5
68.5
59.5
59.5
59.5
59.5
59.5
59.5
59.5
59.5
59.5
59.5
59.5
59.5
59.5
59.5
59.5
59.5
59.5
61
61
61
61
61
61
61
61
61
61
61
65
65
65
65
65
65
65
65
65
65
65
65
65
65
65
65
65
65
65
65
65
65
65
65
65
65
65
62
62
62
62
62
62
62
62
62
62
62
58
58
62
62
62
62
62
62
62
62
62
62
62
62
62
62
62
62
62
62
62
62
62
62
62.4
62.4
62.4
62.4
62.4
62.4
62.4
62.4
62.4
62.4
62.4
62.4
62.4
62.4
62.4
62.4
62.4
62.4
62.4
62.4
62.4
62.4
62.4
62.4
62.4
62.4
62.4
62.4
62.4
62.4
62.4
62.8
62.8
62.8
62.8
62.8
62.8
62.8
63.5
63.5
63.5
89.9
89.9
89.9
89.9
78
78
78
78
78
79
79
79
79
79
79
65.5
65.5
65.5
65.5
65.5
65.5
65.5
65.5
65.5
65.5
65.5
65.5
65.5
66
66
66
66
66
66
66
66
66
66
66.5
66.5
66.5
63
63
67
67
67
67
67
67
82
82
68.5
68.5
68.5
68.5
68.5
68.5
68.5
68.5
68.5
68.5
68.5
68.5
68.5
68.5
68.5
68.5
65
65
69.8
69.8
69.8
69.8
69.8
69.8
97
73
73
73
73
73
73
73
73
73
73
73
73
73
73
73
73
73
73
73
73
73
73
73
73
73
73
73
73
73
73
73
73
73
73
73
73
73
73
73
73
73
73
73
73
73
89
89
89
89
74.7
74.7
74.7
74.7
74.7
74.7
74.7
74.7
74.7
79.5
79.5
79.5
79.5
79.5
79.5
75
75
75
75
75
75
75
75
75
75
75
75
75
75
75
75
76
76
76
76
76
72
74.8
74.8
95
95
80
80
80
80
80
80
80
80
80
80
80
80
80
80
80
80
80
80
80
80
80
80
80
80
80
80
80
80
80
80
80
98
98
98
99
99
77
77
77
77
77
77
77
77
99
99
99
99
99
99
82
82
82
82
82
82
82
82
82
82
82
83.5
83.5
83.5
89
89
89
89
89
89
89
84
84
105
91.4
91.4
91.4
91.5
91.5
91.5
112
112
93
93
93
93
93
93
93
93
93
93
93
93
93
93
93
93
93
93
93
93
93
93
93
93
93
93
93
93
93
93
93
99
114
114
94
94
94
94.3
94.3
94.3
95
95
95
95
95
95
95
95
95
95
95
116
116
97
97
97
98
98
98
98
98
98
98
98
98
98
98
98
98
94
107
107
109
120
120
105
105
105
100
100
119
119
119
119
119
119
122
122
122
116
116
116
116
116
116
116
116
118
118
118
118
118
118
118
118
118
118
118
121.3
121.3
121.3
121.3
121.3
121.3
121.3
149
119
119
119
136
136
122
122
122
132
132
142
142
142
142
152
152
152
152
164
149
149
149
225
225
227
227
227
235
285
285
285
90
28
129
129
129
129
129
129
129
129
79
79
79
79
79
79
79
49
49
39
49
39
49
39
39
124
124
59
39
49
49
49
49
49
59
39
129
99
65
20
99
65
129
139
20
65
99
129
20
65
99
129
20
65
99
129
20
65
99
129
99
129
20
65
99
129
139
20
119
119
119
119
119
15
15
15
34.4
15
15
15
15
15
15
15
112
112
112
112
112
112
112
112
112
112
39
39
39
39
39
39
39
39
39
39
39
39
39
35
35
35
35
35
39
39
39
39
39
59
59
59
59
59
59
59
59
59
59
59
59
59
59
65
65
65
65
65
65
65
65
39
39
39
39
39
39
39
39
39
39
39
39
39
39
39
59
59
59
59
59
59
59
59
59
59
59
59
59
59
59
59
59
59
59
59
59
59
59
59
59
59
59
59
16
14
20
39
60
30
39
39
49
39
14
14
14
14
14
14
14
14
14
14
14
29
29
29
29
29
29
49
49
49
49
18
18
18
18
25
25
25
25
25
43
120
192
216
240
30
19
35
54.5
35
59.5
35
54.5
35
59.5
25
25
25
25
25
19
19
25
35
29.5
29.5
29.5
29.5
45
25
25
25
25
14
45
14
25
25
25
45
25
25
11
11
14.6
14.6
14.6
14.6
14.6
14.6
9.69
9.69
9.69
9.69
79
79
79
79
109
109
109
79
79
79
109
109
109
79
79
79
109
109
109
39
39
39
39
69
69
69
69
79
149
149
149
149
149
149
149
149
149
149
149
95
95
95
95
95
95
95
95
149
95
95
95
95
149
149
95
16.7
12.92
13.1
13.9
14
23.2
23.2
29.5
29.5
29.5
29.9
21.9
16.3
15
15
24.89
14.6
14.6
14.6
14.6
14.6
14.6
14.6
14.6
33.3
33.3
33.3
38.6
38.6
38.6
49.5
49.5
49.5
49.5
49.5
49.5
49.5
49.5
49.5
45
45
45
45
45
45
32
32
32
32
32
32
32
32
32
25
25
25
25
25
25
25
27.8
27.8
24.9
24.9
35.2
35.2
39.8
39.8
45.8
45.8
11.5
11.5
8.5
8.5
27.4
27.4
27.4
21.5
21.5
21.5
17.5
17.5
17.5
17.5
18.2
18.2
18.2
18.2
18.2
23.8
23.8
14.8
14.8
24.5
24.5
18.24
27.4
27.4
27.4
21.5
21.5
21.5
17.5
17.5
17.5
17.5
17.5
17.5
17.5
17.5
18.2
18.2
18.2
9.1
9.1
9.1
9.1
9.12
9.12
9.12
14.4
14.4
14.4
14.4
14.4
14.4
8.7
8.7
8.7
8.7
8.7
8.7
19.14
9.1
34
34
34
34
34
34
34
34
34
20
20
20
20
20
20
20
20
20
20
20
20
20
20
20
20
20
20
20
123.5
123.5
123.5
44.9
44.9
44.9
44.9
64.9
64.9
164
0
1.31
1.31
1.31
1.31
1.31
1.31
1.31
1.31
1.31
1.31
1.31
1.31
1.31
1.66
1.66
1.66
1.66
1.66
1.66
1.66
1.7
1.7
1.7
1.7
1.7
1.7
1.7
1.7
1.7
2.97
2.97
2.97
2.97
2.97
2.97
2.97
2.97
3.83
3.83
3.83
3.83
3.83
3.83
3.83
4.17
4.17
4.17
4.17
4.17
4.17
4.17
4.17
4.17
4.17
4.17
4.17
4.17
4.17
4.17
4.17
4.17
4.17
4.17
4.17
4.17
4.17
4.17
4.17
4.17
4.17
4.17
4.17
4.17
4.17
4.46
4.46
4.46
4.46
4.46
4.46
4.46
4.46
4.46
4.46
4.46
4.46
4.46
4.8
4.8
4.8
4.8
4.8
4.8
5.02
5.02
5.02
5.02
5.02
5.02
5.02
5.02
5.02
5.02
5.02
5.02
5.02
5.02
5.02
5.02
5.02
5.02
5.02
5.02
5.02
5.02
5.02
5.02
5.02
5.02
5.02
5.02
5.02
5.27
5.27
5.27
5.27
5.27
5.27
5.27
5.53
5.53
5.53
5.53
5.53
5.53
5.53
5.53
5.53
5.53
5.53
5.53
5.53
5.53
5.53
5.53
5.53
5.7
5.7
5.7
5.7
5.7
5.7
6.04
6.04
6.04
6.04
6.04
7.2
7.2
7.2
7.2
7.2
7.2
7.2
7.2
7.4
7.48
7.56
7.56
7.56
7.56
7.56
7.6
7.6
7.6
7.6
8.1
8.1
8.1
8.1
8.1
8.42
8.42
8.42
8.42
8.42
8.42
8.42
8.42
8.42
9
9
9
9
9
9
9
9
9
9.18
9.18
9.18
9.18
9.18
9.18
9.27
9.27
9.27
9.27
9.27
9.27
9.27
9.27
9.27
9.27
9.27
9.27
9.27
9.27
9.27
9.27
9.27
9.27
9.27
9.27
9.27
9.27
9.27
9.27
9.27
9.27
9.27
9.27
9.27
9.27
9.78
9.78
9.78
9.78
9.78
9.78
9.78
9.78
9.78
9.78
9.78
9.78
9.78
9.78
9.78
9.78
9.9
9.9
9.9
10.03
10.03
10.03
10.03
10.03
10.03
10.03
10.03
10.03
10.03
10.12
10.12
10.12
10.12
10.12
10.3
10.3
10.54
10.54
10.54
10.54
10.54
10.54
10.54
10.54
10.54
10.54
10.54
10.6
10.71
10.71
10.71
10.71
10.83
11.14
11.14
11.14
11.14
11.14
11.14
11.14
11.14
11.14
11.59
11.6
11.65
11.65
11.65
11.65
11.65
11.65
11.65
11.65
11.65
11.65
11.65
11.65
11.65
11.65
11.65
11.65
11.65
11.65
11.65
11.65
11.65
11.65
11.65
11.65
11.65
11.65
11.65
11.65
11.65
11.65
11.65
11.7
11.7
11.7
11.8
11.8
11.8
11.8
11.8
11.82
11.82
11.82
12.16
12.16
12.16
12.2
12.2
12.2
12.3
12.3
12.3
12.3
12.3
12.3
12.3
12.3
12.3
12.3
12.3
12.3
12.3
12.3
12.3
12.33
12.33
12.33
12.33
12.33
12.33
12.33
12.33
12.33
12.33
12.33
12.33
12.33
12.6
12.6
12.6
12.73
12.73
12.73
12.73
12.73
12.73
12.84
13.3
13.3
13.95
13.95
13.95
13.95
13.95
14.24
14.24
14.24
14.24
14.8
14.8
14.88
14.88
14.88
14.88
14.88
14.88
14.88
14.88
14.88
14.88
14.88
14.88
14.88
14.88
14.88
14.88
14.88
14.88
14.88
14.88
14.88
14.88
14.88
14.88
14.88
14.88
14.88
14.88
14.88
14.88
14.88
14.88
14.88
14.88
14.88
14.88
14.88
14.88
15
15
15
15
15.13
15.13
15.13
15.13
15.13
15.13
15.13
15.13
15.3
15.47
15.47
15.47
15.8
15.8
15.8
15.8
15.8
15.8
15.8
15.98
15.98
15.98
15.98
15.98
15.98
16.06
16.06
16.06
16.3
16.3
16.3
16.3
16.9
16.9
16.9
16.9
17
17
17
17
17
17
17
17
17
17
17
17
17
17
17
17
17
17
17
17
17
17
17
17
17.17
17.17
17.17
17.17
17.17
17.17
17.17
17.2
17.2
17.2
17.2
17.2
17.26
17.85
17.85
17.85
17.85
17.85
17.85
17.85
17.85
17.85
17.85
17.85
17.85
17.85
17.85
17.85
17.85
17.85
17.85
17.85
17.85
17.85
17.85
17.85
17.85
17.85
17.85
17.85
17.85
17.85
17.85
17.91
17.91
17.91
18.62
18.62
18.62
18.7
18.7
18.7
18.7
18.7
18.7
18.7
18.7
18.7
18.9
18.9
19.2
19.2
19.2
19.2
19.2
19.3
19.55
19.55
19.55
19.55
19.55
19.55
19.55
19.55
19.55
19.55
19.55
19.55
19.55
19.55
19.55
19.55
19.55
19.55
19.55
19.55
19.55
19.55
19.55
19.72
19.72
19.72
19.72
19.72
19.72
19.72
19.72
19.72
19.72
19.72
19.72
19.72
19.72
19.72
19.72
19.72
19.72
19.72
19.72
19.72
19.72
19.72
19.72
19.72
19.72
19.72
19.72
19.72
19.72
19.72
20.25
20.25
20.25
20.25
20.25
20.25
20.25
20.25
20.32
20.32
20.32
20.4
20.4
20.4
20.4
20.4
20.4
20.4
20.4
20.4
20.64
20.64
20.64
20.64
20.7
20.7
20.7
20.7
20.83
20.83
20.83
20.83
20.83
20.83
20.83
21
21
21
21.25
21.28
21.28
21.28
21.28
21.28
21.28
21.28
21.6
21.6
21.6
21.6
21.6
21.6
21.6
21.6
21.6
21.6
21.6
21.7
21.7
21.7
22.1
22.1
22.1
22.1
22.1
22.1
22.1
22.1
22.1
22.1
22.1
22.1
22.1
22.1
22.1
22.1
22.1
22.1
22.1
22.1
22.1
22.1
22.1
22.1
22.1
22.4
22.4
22.5
22.5
22.5
22.5
22.5
22.5
22.5
22.5
22.5
22.75
22.75
22.75
22.75
22.75
22.75
22.75
22.75
22.75
22.75
22.75
22.75
22.75
22.75
22.75
22.75
22.75
22.75
22.75
22.75
22.75
22.75
22.75
22.75
22.75
22.75
22.75
22.78
22.78
22.78
22.78
22.78
22.78
22.78
22.78
22.78
22.78
22.78
22.78
22.78
22.78
22.78
22.78
22.78
22.78
22.78
22.78
22.78
22.78
22.78
22.78
22.78
22.78
22.78
22.78
22.78
22.78
22.78
22.95
22.95
22.95
22.95
22.95
22.95
23.1
23.1
23.1
23.1
23.1
23.1
23.1
23.1
23.1
23.2
23.2
23.2
23.2
23.2
23.2
23.2
23.2
23.2
23.2
23.2
23.2
23.2
23.2
23.2
23.2
23.2
23.2
23.2
23.4
23.4
23.4
23.4
23.4
23.4
23.71
23.71
23.71
23.71
23.71
23.71
23.71
23.8
23.8
24.3
24.3
24.4
24.4
24.4
24.4
24.4
24.4
24.4
24.5
24.5
24.5
24.5
24.5
24.65
24.65
24.65
24.65
24.65
24.65
24.65
24.65
24.65
24.65
24.65
24.65
24.65
24.65
24.65
24.65
24.65
24.65
24.65
24.65
24.65
24.65
24.65
24.65
24.65
24.65
24.65
24.65
24.65
24.65
24.9
24.99
24.99
24.99
24.99
24.99
24.99
24.99
24.99
24.99
24.99
24.99
24.99
24.99
25.07
25.07
25.07
25.07
25.07
25.07
25.07
25.07
25.07
25.07
25.07
25.2
25.2
25.2
25.2
25.2
25.2
25.2
25.2
25.2
25.2
25.2
25.33
25.33
25.33
25.33
25.42
25.84
25.84
25.84
25.84
25.84
25.84
25.84
25.84
26
26
26
26
26.1
26.1
26.1
26.1
26.1
26.1
26.1
27.2
27.2
27.2
27.2
27.2
27.2
27.2
27.2
27.88
27.88
27.88
27.88
27.88
28.9
29.24
29.24
29.24
29.24
29.24
29.24
29.24
29.24
29.24
29.24
29.24
29.24
29.24
29.24
29.24
29.24
29.24
29.24
29.24
29.24
29.24
29.24
29.24
29.24
29.24
29.24
29.24
29.24
29.24
29.24
29.24
29.24
29.24
29.24
29.24
29.24
29.24
29.24
29.24
29.24
29.24
29.24
29.24
29.24
29.24
29.25
29.25
29.25
29.25
29.25
29.25
29.25
29.25
29.25
29.44
29.44
29.44
29.44
29.44
29.44
29.44
29.58
29.58
29.58
29.58
29.58
29.75
29.75
29.75
29.75
29.75
29.75
29.75
29.75
29.75
29.75
29.75
29.75
29.75
29.75
29.75
29.75
29.75
29.75
29.75
29.75
29.75
29.75
29.75
29.75
29.75
29.75
29.75
29.75
29.75
29.75
29.75
29.75
29.75
29.75
29.75
29.75
29.75
29.75
29.75
29.75
29.75
29.75
29.75
29.75
29.75
29.75
29.75
29.75
29.75
29.75
29.75
29.75
30
30
30
30
30
30
30
30.72
30.72
30.72
30.94
30.94
30.94
30.94
30.94
30.94
30.94
31.2
31.2
31.2
31.2
31.2
31.2
31.2
31.2
31.2
31.2
31.2
31.2
31.2
31.45
31.5
31.5
31.5
31.5
31.5
31.5
31.5
31.5
31.5
31.5
31.5
31.5
31.5
31.5
31.5
31.5
31.5
31.5
31.79
31.79
31.79
31.79
31.79
31.79
31.79
31.79
31.79
32.04
32.04
32.05
32.05
32.05
32.05
32.3
32.3
32.3
32.3
32.3
32.3
32.3
32.3
32.3
32.3
32.3
32.3
32.3
32.3
32.3
32.3
32.3
32.3
32.3
32.3
32.3
32.3
32.3
32.3
32.3
32.3
32.3
32.3
32.3
32.3
32.3
32.3
32.3
32.3
32.3
32.3
32.3
32.3
32.3
32.3
32.3
32.3
32.3
32.3
32.3
32.3
32.3
32.3
32.3
32.3
32.3
32.3
32.3
32.3
32.3
32.3
32.3
32.3
32.3
32.3
32.3
32.3
32.3
32.3
32.3
32.4
32.4
32.4
32.4
32.4
32.4
33.1
33.1
33.1
33.1
33.15
33.15
33.15
33.15
33.15
33.15
33.15
33.15
33.15
33.15
33.15
33.15
33.15
33.15
33.15
33.15
33.15
33.15
33.15
33.15
33.15
33.15
33.15
33.15
33.15
33.15
33.15
33.15
33.15
33.15
33.15
33.15
33.15
33.15
33.15
33.15
33.15
33.15
33.15
33.15
33.15
33.15
33.15
33.15
33.15
33.15
33.15
33.2
33.2
33.83
33.83
33.83
33.83
33.83
33.83
33.83
33.83
33.83
33.83
33.83
33.83
33.83
33.83
33.83
33.83
33.83
33.83
33.83
33.83
33.83
33.83
33.83
33.83
33.83
33.83
33.83
33.83
33.83
33.91
33.91
33.91
33.91
33.91
33.91
33.92
33.92
33.92
34.2
34.2
34.2
34.2
34.3
34.3
34.3
34.3
34.3
34.51
34.51
34.51
34.51
34.51
34.51
35
35
35.7
35.7
35.7
36
36
36
36
36.04
36.04
36.04
36.04
36.04
36.04
36.04
36.04
36.81
36.81
36.81
36.81
36.81
36.81
36.81
36.81
36.81
36.81
36.81
36.81
36.81
36.81
36.81
36.81
36.81
36.81
36.81
36.81
36.81
36.81
36.81
36.81
36.81
36.81
36.81
36.81
36.81
36.81
36.81
37.04
37.04
37.31
37.31
37.31
37.31
37.31
37.4
37.4
37.4
37.4
37.4
37.4
37.4
37.4
37.4
37.4
37.4
37.4
37.4
37.4
37.4
37.4
37.4
37.4
37.4
37.4
37.4
37.4
37.4
37.4
37.4
37.4
37.4
37.4
37.4
37.4
37.4
37.4
37.4
37.4
37.4
37.4
37.4
37.4
37.4
37.4
37.4
37.4
37.4
37.4
37.4
37.4
37.4
37.4
37.4
37.4
37.4
37.4
37.4
37.4
37.4
37.4
37.4
37.4
37.4
37.4
37.4
37.4
37.4
37.4
37.4
37.74
37.74
37.74
37.74
37.74
37.74
37.74
37.74
38
38.25
38.7
38.7
38.8
38.8
38.8
38.8
38.8
38.8
38.8
39.1
39.1
39.1
39.1
39.1
39.1
39.1
39.1
39.1
39.1
39.1
39.1
39.1
39.1
39.1
39.1
39.2
39.2
39.2
39.2
39.2
39.2
39.2
39.2
39.2
39.2
39.5
39.5
39.5
39.5
39.5
39.5
39.5
39.5
39.5
39.5
39.5
39.5
39.5
39.5
39.89
40.1
40.21
40.21
40.21
40.38
40.38
40.5
40.5
40.8
40.8
40.8
40.8
40.8
40.8
40.8
40.8
40.8
40.8
40.8
40.8
40.8
40.8
40.8
40.8
40.8
40.8
40.8
40.8
40.8
40.8
40.8
40.8
40.8
40.8
40.8
40.8
40.8
40.8
40.8
40.8
41.8
42.16
42.16
42.16
42.16
42.33
42.33
42.33
42.33
42.33
42.5
43.35
43.35
43.35
43.35
43.35
43.35
43.35
43.35
43.35
43.35
43.35
43.35
43.35
43.35
43.35
43.35
43.35
43.35
43.35
43.35
43.35
43.7
43.7
44.1
44.1
44.1
44.1
44.1
44.1
44.1
44.1
44.1
44.1
44.1
44.2
44.2
44.2
44.2
44.2
44.2
44.2
44.2
44.2
44.2
44.2
44.2
44.7
44.7
44.7
44.7
44.71
44.71
44.71
44.71
44.71
44.8
44.8
44.8
44.8
45
45
45
45
45
45
45
46.3
46.3
46.3
46.3
46.3
46.3
46.3
46.32
46.32
46.32
46.32
46.32
46.32
46.32
46.32
46.32
46.32
46.32
46.32
46.32
46.32
46.32
46.32
47.52
47.52
47.7
47.7
47.7
47.7
47.94
47.94
47.94
47.94
47.94
48.03
48.03
48.03
48.03
48.03
48.03
48.11
48.11
48.11
48.11
48.11
48.11
48.11
48.11
48.11
48.45
48.45
48.45
48.45
48.45
48.45
48.45
48.45
48.45
48.45
48.45
48.45
48.45
48.45
48.45
48.45
49.04
49.04
49.04
49.04
49.04
49.04
49.04
49.04
49.04
49.05
49.05
49.05
49.05
49.05
49.05
49.05
49.05
49.05
49.05
49.05
49.3
49.3
49.3
49.3
49.3
49.3
49.3
49.3
49.3
49.4
49.73
49.73
49.73
49.81
49.81
49.98
49.98
49.98
50.4
50.4
50.4
50.4
50.4
50.4
50.4
50.4
50.4
50.4
50.4
50.4
50.4
50.4
50.4
50.4
50.4
50.5
50.5
50.5
50.5
50.5
50.5
50.5
50.5
50.5
50.5
50.5
50.57
50.57
50.57
50.57
50.57
50.57
50.57
50.57
50.57
50.57
50.57
50.57
50.57
50.57
50.57
50.57
50.57
50.57
50.57
50.57
50.57
50.57
50.57
50.57
50.57
51.85
51.85
51.85
51.85
51.85
51.85
51.85
51.85
51.85
51.85
51.85
52
52
52
52
52
52
52
52
52
52
52
52
52
52
52
52
52
52
52
52
52
52
52
52
52
52
52
52.07
52.07
52.07
52.07
52.07
52.07
52.07
52.07
52.07
52.07
52.07
52.2
52.2
52.7
52.7
52.7
52.7
52.7
52.7
52.7
52.7
52.7
52.7
52.7
52.7
52.7
52.7
52.7
52.7
52.7
52.7
52.7
52.7
52.7
52.7
53.04
53.04
53.04
53.04
53.04
53.04
53.04
53.04
53.04
53.04
53.04
53.04
53.04
53.04
53.04
53.04
53.04
53.04
53.04
53.04
53.04
53.04
53.04
53.04
53.04
53.04
53.04
53.04
53.04
53.04
53.04
53.38
53.38
53.38
53.38
53.38
53.38
53.38
53.9
53.9
53.9
53.94
53.94
53.94
53.94
54.6
54.6
54.6
54.6
54.6
55.3
55.3
55.3
55.3
55.3
55.3
55.6
55.6
55.6
55.6
55.67
55.67
55.67
55.67
55.67
55.67
55.67
55.67
55.67
56.1
56.1
56.1
56.1
56.1
56.1
56.1
56.1
56.1
56.1
56.52
56.52
56.52
56.7
56.7
56.95
56.95
56.95
56.95
56.95
56.95
57.4
57.4
58.22
58.22
58.22
58.22
58.22
58.22
58.22
58.22
58.22
58.22
58.22
58.22
58.22
58.22
58.22
58.22
58.5
58.5
59.33
59.33
59.33
59.33
59.33
59.33
60.9
62.05
62.05
62.05
62.05
62.05
62.05
62.05
62.05
62.05
62.05
62.05
62.05
62.05
62.05
62.05
62.05
62.05
62.05
62.05
62.05
62.05
62.05
62.05
62.05
62.05
62.05
62.05
62.05
62.05
62.05
62.05
62.05
62.05
62.05
62.05
62.05
62.05
62.05
62.05
62.05
62.05
62.05
62.05
62.05
62.05
62.3
62.3
62.3
62.3
63.49
63.49
63.49
63.49
63.49
63.49
63.49
63.49
63.49
63.6
63.6
63.6
63.6
63.6
63.6
63.75
63.75
63.75
63.75
63.75
63.75
63.75
63.75
63.75
63.75
63.75
63.75
63.75
63.75
63.75
63.75
64.6
64.6
64.6
64.6
64.6
64.8
65.38
65.38
66.5
66.5
68
68
68
68
68
68
68
68
68
68
68
68
68
68
68
68
68
68
68
68
68
68
68
68
68
68
68
68
68
68
68
68.6
68.6
68.6
69.3
69.3
69.3
69.3
69.3
69.3
69.3
69.3
69.3
69.3
69.3
69.3
69.3
69.3
69.3
69.3
69.7
69.7
69.7
69.7
69.7
69.7
69.7
69.7
69.7
69.7
69.7
70.97
70.97
70.97
71.2
71.2
71.2
71.2
71.2
71.2
71.2
71.4
71.4
73.5
77.69
77.69
77.69
77.77
77.77
77.77
78.4
78.4
79.05
79.05
79.05
79.05
79.05
79.05
79.05
79.05
79.05
79.05
79.05
79.05
79.05
79.05
79.05
79.05
79.05
79.05
79.05
79.05
79.05
79.05
79.05
79.05
79.05
79.05
79.05
79.05
79.05
79.05
79.05
79.2
79.8
79.8
79.9
79.9
79.9
80.16
80.16
80.16
80.75
80.75
80.75
80.75
80.75
80.75
80.75
80.75
80.75
80.75
80.75
81.2
81.2
82.4
82.45
82.45
83.3
83.3
83.3
83.3
83.3
83.3
83.3
83.3
83.3
83.3
83.3
83.3
83.3
84.6
85.6
85.6
87.2
87.3
87.3
89.25
89.25
89.25
90
90
95.2
95.2
95.2
95.2
95.2
95.2
97.6
97.6
97.6
98.6
98.6
98.6
98.6
98.6
98.6
98.6
98.6
100.3
100.3
100.3
100.3
100.3
100.3
100.3
100.3
100.3
100.3
100.3
103.11
103.11
103.11
103.11
103.11
103.11
103.11
104.3
107.1
107.1
107.1
108.8
108.8
109.8
109.8
109.8
118.8
118.8
120.7
120.7
120.7
120.7
129.2
129.2
129.2
129.2
131.2
134.1
134.1
134.1
142.3
142.3
181.6
181.6
181.6
199.75
242.05
242.25
242.25
0
1110009021804
1110009021803
1110009021801
1110009021800
1110009021802
1110009222002
1110009222004
1110009222003
1110009222000
1110009222001
1118086212001
1118086212002
1118086212003
1118086212004
1118086212000
1118086212005
000000190014
000000190015
000000190016
1114086219008
1114086219006
1114086219009
1114086219007
1114030120000
1114030120001
1114030120010
1114030120011
1114086219016
1114086219014
1114086219015
1114086219017
1114030120002
1114030120003
1114030120004
1114086119038
1114086119037
1114086119035
1114086219020
1114086219018
1114086219019
1114086219021
1114030120006
1114030120007
1114030217001
1114086119045
1114086119056
1114086119054
1114086119060
1114086219011
1114086219010
1114086219012
1114086219013
1114030119005
1114030119003
1114030119006
1114030119004
1114030120008
1114030120009
1114086120043
1114086120042
1114086120040
1114086120044
1114086120038
1114086120041
1114086120039
1114086120037
1114030117002
1114030120012
1113086120006
1113086120007
1113086120005
1113086120004
1113086120000
1113086120001
1113086120002
1113086120003
1113092219001
1113092219002
1113092118001
1113092118000
1113092219000
1113092219003
1113086219007
1113086219004
1113086219005
1113086219006
1113090219018
1113090219016
1113090219011
1113090219012
1113351120011
1113351120015
1113351120010
1113351120014
1113351120008
1113351120013
1113351120009
1113351120012
1113092120000
1113092120005
1113092120010
1113092120001
1113092120006
1113092120011
1113092120002
1113092120007
1113092120012
1113092120003
1113092120008
1113092120013
1113092120004
1113092120009
1113092120014
1113034119012
1113034220013
1113034119011
1113034220012
1113034220011
1113034220008
1113086216004
1113086216003
1113086218006
1113086218007
1113351120016
1113351120018
1113351120017
1113351120019
1113086220002
1113086220009
1113086220001
1113086220008
1113086220004
1113086220011
1113086220003
1113086220010
1113086220000
1113086220007
1113086220005
1113086220012
1113086220006
1113086220013
1113086118005
1113086118011
1113086118001
1113086118007
1113086118000
1113086118006
1113086118008
1113086118002
1113086118004
1113086118010
1113086118003
1113086118009
1113090219003
1113034119010
1113034220002
1113090219000
1113090219007
1113034119001
1113034119009
1113034220004
1113090219002
1113090219008
1113034220007
1113034119002
1113034119008
1113034220003
1113090219005
1113090219009
1113034119004
1113034220001
1113090219006
1113034119007
1113034220006
1113090219004
1113090219001
1113034119005
1113034220005
1113034119000
1113034119006
1113086216012
1113351120022
1113351120021
1113351120024
1113351120023
1113351120020
1113351120001
1113351120005
1113351120000
1113351120004
1113351120003
1113351120007
1113351120002
1113351120006
1113086219015
1113086219016
1113086219021
1113086219019
1128086120000
1128086120002
1128086120001
1128086120004
1128086120005
1128086120003
1128030120003
1128030120009
1128030120000
1128030120006
1128030120001
1128030120007
1128030120002
1128030120008
1152030118003
1152030118004
1152030118005
1152030219006
1128030217001
1128030217011
1128030217012
1128030217010
1128030217000
1128030217009
1152030219001
1152030219003
1152030118008
1152030118009
1152030118010
1128086119001
1128030218000
1128030218007
1128030218001
1128030218008
1128030218002
1128030218009
1128030218003
1128030218010
1128030217006
1128030217013
1128030217008
1128030217014
1128030217007
1128030217015
1128030217004
1128030217016
1128030217005
1128030217017
1152030219005
1128030120004
1128030120010
1128030120005
1128030120011
1128030218004
1128030218011
1128030218005
1128030218012
1128030218006
1128030218013
1128030119000
1128030119002
1128030119003
1128030119001
1128030216003
1128030216013
1128030216004
1128030216014
1128030220000
1128030220003
1128030220001
1128030220004
1128030220002
1128030220005
1115030217002
1116030220006
1116030220004
1116030220005
1116030220000
1116030220001
1116030220003
1116030220007
1116030220002
1116030220009
1116030120005
1116030120004
1116030120003
1116030120002
1116030120007
1116030120006
1116030120008
1116030219002
1116030219001
1116030219003
1116030219014
1116086219000
1116086219004
1116086219008
1116086219001
1116086219005
1116086219009
1116086219002
1116086219006
1116086219010
1116086219011
1116086219003
1116086219007
1116086119003
1116086119002
1116086119001
1116086119000
1115030116002
1116030113013
1116030113010
1116030113008
1116030218018
1116030113006
1116030113009
1116030113012
000000131828
1116351120007
1116351120006
1116351120004
1116351120005
1115030116001
1115086213000
1115086213002
1116030219007
1116030219008
1116351120008
1116351120009
1116030219009
1116030219010
1116086220009
1116086220008
1116086220011
1116086220010
1116086220007
1116086220012
1116086220013
1116086120001
1116086217007
1116086217008
1116086217005
1116086217002
1116086217003
1116086217006
1116086217001
1116086217004
1116086120000
1116086217000
1115086220000
1116030219011
1115030116000
1116351120012
1116351120011
1116351120014
1116351120013
1116351120010
1116351120001
1116351120000
1116351120003
1116351120002
1116086219012
1116086219013
1116086219014
1116086219016
1116086219015
1116086219017
1115086110001
1115086110000
1116086220006
1116086220004
1116086220005
1116086220003
1116086220001
1116086220002
1116086220000
1115030116003
1116030214000
1116030217018
1116030113005
000000130044
1115030218003
4000001156002
1117030120000
1117030120001
1117030120010
1117030120011
1117030120002
1117030120003
1117030120004
1117030220007
1117030120006
1117030120007
1117030220008
1117030220009
1117030220010
1117092120001
1117092120002
1117092219003
1117092119007
1117092219002
1117092119002
1117092119005
1117092119000
1117092119006
1117092119003
1117092119004
1117092119009
1117030220011
1117030220012
1117092120000
1117092119012
1117092119010
1117092119014
1117092119015
1117092119011
1117030220018
1117030220019
1117030220017
1117030220015
1117030120008
1117030120009
1117030120012
1117030220013
1117030220014
1131092219042
1131092219041
1131092219046
1131092219045
1131092219044
1131092219023
1131092219022
1131092219021
1131092219005
1131092219006
1131092118001
1131092118002
1131092118000
1131092219000
1131092219007
1131092110025
1131092110024
1131092110026
1131092110016
1131092110015
1131092110017
1131092115001
1131092115000
1131092115002
1131092119001
1131092119000
1131092119003
1131092119002
1131092119004
1131092116001
1131092116000
1131092116002
1131092115004
1131092115003
1131092115005
1131092119006
1131092119005
1131092119007
1131092216007
1131092216006
1131092216008
1131092116010
1131092116009
1131092116011
1131092110006
1131092110007
1131092110008
1131092219049
1131092219050
1131090219005
1131090219004
1131090219006
1131090219014
1131090219013
1131090219015
1131090219008
1131090219007
1131090219009
1131090219011
1131090219010
1131090219012
1131090219017
1131090219016
1131090219018
1131092219008
1131092219009
1131092219010
1131090212024
1131090212011
1131090212010
1131090212009
1131090114004
1131090114003
1131090114005
1131090117001
1131090117000
1131090117002
1131090114009
1131090114008
1131090114007
1131090114006
1131090212000
1131090212001
1131090212021
1131090212002
1131090117004
1131090117003
1131090117005
1131090117006
1131090212003
1131090212004
1131090212005
1131090212022
1131090212013
1131090212012
1131090212014
1131090212007
1131090212006
1131090212008
1131090212023
1131090212027
1131090212017
1131090212016
1131090212015
1131092219025
1131092219039
1131092219038
1131092219036
1131092219011
1131092219012
1131092219013
1131090215002
1131090215001
1131090215000
1131090214005
1131090214004
1131090214003
1131090214002
1131090214001
1131090214000
1131090214011
1131090214010
1131090214009
1131090214008
1131090214007
1131090214006
1131090215005
1131090215004
1131090215003
1131092219030
1131092219031
1131090217004
1131090217003
1131090217005
1131090217001
1131090217000
1131090217002
1131090217007
1131090217006
1131090217008
1131090217017
1131090217016
1131090217015
1131090217010
1131090217009
1131090217011
1131090217013
1131090217012
1131090217014
1131092219014
1131092219015
1131092219016
1131092219034
1131092213028
1131092213029
1131092213024
1131092213025
1131092213026
1131092213027
1131092213039
1131092213040
1131092213035
1131092213036
1131092213037
1131092213038
1131092115010
1131092115012
1131092115013
1131092115008
1131092115009
1131092115011
1131092216017
1131092216018
1131092216013
1131092216014
1131092216015
1131092216016
1131092219003
1131092219004
1131092219001
1131092219002
1131092213022
1131092213023
1131092213018
1131092213019
1131092213020
1131092213021
1111086220011
1111086220004
1111086220010
1111086220005
1111086220009
1111086220003
1111086220006
1111086220000
1111086220007
1111086220001
1111086220008
1111086220002
1111086218031
1111030219016
1111030219015
000000700022
1111086118000
1111086219029
1111086219031
1111086219022
1111086219028
1111086219027
1111086219030
1111086219026
1111086219032
1111086219056
1111086219054
1111086219055
1111086219057
1114086219005
1111030219009
1111030219014
1111030219013
1111030219022
1111030219021
1111030219023
1111030219010
4000001116000
4000001116001
1111030220000
1111086219037
1111086219038
1111086219039
1111086218037
1111086218039
1111086219033
1111030219003
1111030219002
1111086219046
1111086219040
1111086219047
1111086219041
1111086219048
1111086219042
1111086219049
1111086219043
1111086219050
1111086219044
1111086219051
1111086219045
1111086219017
1111086219016
1111086219018
1111086219019
1111086219015
1111086218036
1111086219012
1111086219014
1111086219007
1111086219010
1111086219011
1111086219008
1111086219009
1111030218001
1111086220026
1111086220032
1111086220029
1111086220035
1111086220028
1111086220034
1111086220031
1111086220037
1111086220027
1111086220033
1111086220030
1111086220036
1111030219020
1111086213018
1111086213019
1111086213016
1111086213017
1111086213029
1111086213030
1111030219011
1111030220001
000000700033
000000700032
1111030219000
1111030220006
1111030219001
1111030220007
1111030219024
1111086219034
1111086219035
1111086219036
1111030220002
1111030220003
1111030219006
4000001116144
1111030219007
1111030219008
1111086220018
1111086220025
1111086220016
1111086220023
1111086220017
1111086220024
1111086220015
1111086220022
1111086220013
1111086220020
1111086220014
1111086220021
1111086220012
1111086220019
4000001116025
4000001116026
1111030220004
1111030220005
1127086210015
1127086210018
1127091216010
1127091216011
1127091216005
1127091216007
1127091216008
1127091216006
1127091216009
1127091216004
1127091216002
1127091120028
1127091120035
1127091120042
1127091120032
1127091120039
1127091120046
1127091120027
1127091120034
1127091120041
1127091120031
1127091120038
1127091120045
1127091120026
1127091120033
1127091120040
1127091120029
1127091120036
1127091120043
1127091120030
1127091120037
1127091120044
1127091119004
1127091120000
1127091119001
1127091119002
1127091119003
1127091119000
1127091119005
1127091218018
1127091218019
1127091218020
1127091218021
1127091218022
1127091218023
1127091218030
1127091218031
1127091218024
1127091218025
1127091218026
1127091218034
1127091218035
1127091120006
1127091120013
1127091120020
1127091115009
1127091120007
1127091120014
1127091120021
1127091120004
1127091120012
1127091120018
1127091120009
1127091120016
1127091120023
1127091120003
1127091120011
1127091120017
1127091120008
1127091120015
1127091120022
1127091120002
1127091120010
1127091120024
1127091115024
1127091115025
1127091115027
1127091115028
1127091120005
1127091120025
1127091120019
1127091120001
1127091119006
1127091119007
1127091218005
1127091218003
1127091218004
1127091218012
1127091218013
1127091218014
1127091218007
1127091218015
1127091218016
1127091218017
1122030219018
1122030219025
1122030219017
1122030219022
1122030219021
1122030219020
1122030219023
1122030219024
1122030219019
1122086120003
1122086120001
1110008612000
1110008612001
1110008612002
1110008612003
1110008622000
1110008622001
1110008622002
1110008622003
1122086120002
1122086120000
1122030120000
1122030120002
1122030120001
1122030120003
1122090219028
1122090219024
1122090219031
1122090219027
1122090219030
1122090219026
1122090219029
1122090219025
1122090120012
1122090120017
1122090120013
1122090120018
1122090120014
1122090120019
1122090120015
1122090120020
1122090120016
1122090120021
1122090220000
1122090220003
1122090220001
1122090220002
1122086220000
1122092219044
1122092219045
1122092118001
1122092118002
1122092118000
1122092219000
1122092219046
1122090219015
1122092219016
1122092219006
1122092219026
1122092219036
1122092220001
1122092220002
1122092220003
1122092220004
1122092219019
1122092219009
1122092219029
1122092219039
1122092219020
1122092219010
1122092219030
1122092219040
1122092219021
1122092219011
1122092219031
1122092219041
1122092219017
1122092219007
1122092219027
1122092219037
1122092219023
1122092219013
1122092219033
1122092219043
1122092219018
1122092219008
1122092219028
1122092219038
1122092219022
1122092219012
1122092219032
1122092219042
1122092219015
1122092219005
1122092219025
1122092219035
1122092219014
1122092219004
1122092219024
1122092219034
1122090120004
1122090120007
1122090120005
1122090120006
1122090218024
1122090218026
1122090218025
1122090218031
1122090218023
1122090218027
1122090120008
1122090120011
1122090120009
1122090120010
1122090119026
1122090119027
1122090119030
1122090119025
1122090119029
1122030220000
1122090214008
1122090214007
1122090214010
1122090214009
1122090214006
1122086213001
1122092120000
1122092120001
1122092120002
1122092120003
1122030120004
1122030120006
1122030120005
1122030120007
1122090219016
1122090219020
1122090219023
1122090219021
1122090219022
1122090219036
1122090219033
1122090219032
1122090219035
1122090219034
1122090219037
1122090119017
1122090119020
1122090119015
1122090119018
1122090119016
1122090119019
1122090120028
1122090120030
1122090120029
1122090120031
1122090119023
1122090119038
1122090119021
1122090119024
1122090120033
1122090120035
1122090119022
1122090119022
1122090119037
1122090119037
1122030218009
1122030218008
1122030218007
1122030219016
1122030218020
1122030218019
1122030218018
1122030218017
1122030218016
1122030120010
1122090120022
1122090120025
1122090120023
1122090120026
1122090120024
1122090120027
1122030219003
1122030219002
1122030219001
1122030219000
1122090220004
1122090220007
1122090220005
1122090220006
1122090217009
1122090217008
1122090217010
1122090118032
1122090217011
1122090118031
1122030220001
1130030120005
1130030120006
1130030120007
1130030120008
1130030120009
1130030120010
1130030119012
1130030119010
1130030119015
1130030119013
1130030119014
1130030119017
1130030119016
1130090119001
1130090119000
1122090211001
1122030220002
1122090219007
1122030220004
1122030220003
1122030219005
1122030219004
1122090118023
1122090118025
1122090118024
1122090217030
1122090217037
1122090217028
1122090217035
1122090217027
1122090217034
1122090217029
1122090217036
1122090217033
1122090217040
1122090217031
1122090217038
1122090217032
1122090217039
1122090211028
1122090211029
1122030120009
1122030120008
1122030219010
1122030219011
1130090115003
1130090115004
1130030118004
1130030118012
1130030119003
1130030119009
1130030119004
1130030119005
1130030119006
1130030119007
1130030119001
1130030119002
1130030119000
1130030120001
1130030119000
1130030119008
1130030120002
1130030120003
1130030120004
1122090120000
1122090120003
1122090120001
1122090120002
1122030119003
1122030119002
1122030119001
1122030119000
1122030219007
1122030219006
1122030219009
1122030219008
1122030216002
1122030216003
1122030220006
1122030220007
1122030220005
1112092219011
1112092219007
1112030220015
1112030220016
1112030219001
1112030219002
1112092220007
1112092220006
1112092220001
1112092220015
1112092220014
1112092219001
1112092220010
1112092220011
1112092219002
1112030220000
1112092220016
1112092118005
1112092118003
1112092220017
1112092118001
1112092118002
1112092118000
1112092219000
1112092220005
1112092220004
1112092220012
1112092220013
1112092220008
1112092220009
1112030220013
1112030220014
1112092219008
1112092219004
1112092219005
1112030218001
1112092220021
1112092219003
1112030220001
1112092220018
1112092219009
1112030220002
1112030220003
1112092120001
1112092120000
1112092120002
1112092120003
1112092219022
1112092219028
1112092219026
1112092219020
1112092219030
1112092219024
1112092219025
1112092219031
1112092219023
1112092219029
1112030219019
1112030219023
1112030219021
1112030219025
1112030219022
1112030219026
1112092219021
1112092219027
1112092220002
1112092220003
1112092220020
1112030220004
1112030220005
1112030120000
1112030119004
1112030119002
1112030119006
1112030119007
1112030119003
1112030220011
1112030220012
1112030220010
1112030220008
1112092220019
1112030219012
1112030220006
1112030220007
1133030120008
1133030120017
1133030120026
1133030120035
1133030120007
1133030120016
1133030120025
1133030120034
1133030217073
1133030217074
1133030217075
1133030217072
1133030220016
1133030220017
1133030220018
1133030220019
1133030217085
1133030217086
1133030217087
1133030217084
1133030217080
1133030217081
1133030217082
1133030217083
1133030218086
1133030218087
1133030218088
1133030218085
1133030217065
1133030217066
1133030217067
1133030217064
1133030217069
1133030217070
1133030217071
1133030217068
1133030217077
1133030217078
1133030217079
1133030217076
1133030120003
1133030120012
1133030120021
1133030120030
1133030120002
1133030120011
1133030120020
1133030120029
1133030120001
1133030120010
1133030120019
1133030120028
1133030120000
1133030120009
1133030120018
1133030120027
1133030120037
1133030120043
1133030120049
1133030120055
1133030120036
1133030120042
1133030120048
1133030120054
1133030120038
1133030120044
1133030120050
1133030120056
1133030219037
1133030219038
1133030219039
1133030219040
1133030219041
1133030219042
1133030219043
1133030219044
1133030219046
1133030219047
1133030219048
1133030219045
1133030219050
1133030219051
1133030219052
1133030219049
1133030219058
1133030219059
1133030219060
1133030219057
1133086219003
1133086219000
1133086219001
1133086219002
1133030220028
1133030220029
1133030220030
1133030220031
1133030220020
1133030220021
1133030220022
1133030220023
1133030220024
1133030220025
1133030220026
1133030220027
1133086218005
1133086117024
1133086117025
1133030219025
1133030219026
1133030219027
1133030219028
1133030220040
1133030220041
1133030220042
1133030220043
1133030219033
1133030219034
1133030219035
1133030219036
1133030220044
1133030220045
1133030220046
1133030220047
1133030219029
1133030219030
1133030219031
1133030219032
1133030219054
1133030219055
1133030219056
1133030219053
1133030120040
1133030120046
1133030120052
1133030120058
1133030120039
1133030120045
1133030120051
1133030120057
1133030120041
1133030120047
1133030120053
1133030120059
1133030219013
1133030219014
1133030219015
1133030219016
1133030220056
1133030220057
1133030220058
1133030220059
1133030219017
1133030219018
1133030219019
1133030219020
1133030219021
1133030219022
1133030219023
1133030219024
1133030220052
1133030220053
1133030220054
1133030220055
1133030220048
1133030220049
1133030220050
1133030220051
1133086220002
1133086220001
1133086220004
1133086220003
1133086220000
1133086220005
1133086220006
1133086120004
1133086120005
1133086120006
1133086120007
1133086217028
1133086217029
1133086217030
1133086217031
1133086217032
1133086217033
1133086217034
1133086217035
1133086217020
1133086217021
1133086217022
1133086217023
1133086217008
1133086217009
1133086217010
1133086217011
1133086217012
1133086217013
1133086217014
1133086217015
1133086217024
1133086217025
1133086217026
1133086217027
1133086217004
1133086217005
1133086217006
1133086217007
1133086217016
1133086217017
1133086217018
1133086217019
1133086120000
1133086120001
1133086120002
1133086120003
1133086217000
1133086217001
1133086217002
1133086217003
1133030220036
1133030220037
1133030220038
1133030220039
1133030220032
1133030220033
1133030220034
1133030220035
1133030120005
1133030120014
1133030120023
1133030120032
1133030120006
1133030120015
1133030120024
1133030120033
1133030120004
1133030120013
1133030120022
1133030120031
1133030220000
1133030220001
1133030220002
1133030220003
1133030220004
1133030220005
1133030220006
1133030220007
1133030220012
1133030220013
1133030220014
1133030220015
1133030220008
1133030220009
1133030220010
1133030220011
1110092120001
1110092120015
1110092120002
1110092120016
1110092219011
1110092219017
1110092219025
1110092219033
1110092219002
1110092219003
1110092118033
1110092118032
1110092219001
1110092219004
1110086219002
1110086219000
1110086219001
1110086219003
1110092120005
1110092120019
1110092120006
1110092120020
1110092120011
1110092120025
1110092120026
1110092119032
1110092119033
1110092220007
1110092220015
1110092220023
1110092220006
1110092220014
1110092220022
1110092220001
1110092220009
1110092220017
1110092220031
1110092220039
1110092220047
1110092220030
1110092220038
1110092220046
1110092219005
1110092119036
1110092119038
1110092119037
1110092119039
1110092220026
1110092220034
1110092220042
1110092220027
1110092220035
1110092220043
1110092219006
1110092220048
1110092220054
1110092118043
1110092220049
1110092220055
1110092118039
1110092118040
1110092118038
1110092219000
1110092220005
1110092220013
1110092220021
1110092220004
1110092220012
1110092220020
1110092220028
1110092220036
1110092220044
1110092220029
1110092220037
1110092220045
1110092220024
1110092220032
1110092220040
1110092220025
1110092220033
1110092220041
1110092120009
1110092120023
1110092120010
1110092120024
1110092219018
1110092219014
1110092220053
1110092220059
1110092120007
1110092120021
1110092120008
1110092120022
1110092119052
1110092219007
1110092120013
1110092120027
1110092120014
1110092120028
1110092220050
1110092220056
1110092219013
1110092219019
1110092119054
1110092119055
1110092120029
1110092120030
1110092120031
1110092120033
1110092120032
1110092120039
1110092120040
1110092219037
1110092219039
1110092219041
1110092219036
1110092120034
1110092219038
1110092219040
1110092119002
1110092120035
1110092119012
1110092119022
1110092119025
1110092119005
1110092120036
1110092119015
1110092119000
1110092120037
1110092119010
1110092119020
1110092119026
1110092119006
1110092119016
1110092119003
1110092119013
1110092119023
1110092119004
1110092119014
1110092119024
1110092119009
1110092120038
1110092119019
1110092119029
1110092220002
1110092220010
1110092220018
1110092220003
1110092220011
1110092220019
1110092220052
1110092220058
1110092219035
1110030119006
1110030120000
1110030119004
1110030119022
1110030119026
1110030119021
1110030119012
1110030119020
1110030119005
1110030119007
1110030119003
1110030119013
1110092120000
1110092119059
1110092119057
1110092119061
1110092119062
1110092119058
1110030220017
1110030220018
1110030220016
1110030220014
1110092219020
1110092219028
1110092219032
1110092220051
1110092220057
1110092120003
1110092120017
1110092120004
1110092120018
1161030219000
1161030219002
1161092118004
1161092118005
1161092118003
1161092118001
1161092118002
1161092118000
1161092219000
1161030219001
1164086217000
1164086215006
1164086215007
1164086215008
1164086215004
1119030219002
1119030218001
1119086220001
1119086220003
1119086220000
1119086220002
1119086119004
1119086119001
1119086119003
1119086119000
1119086117010
1119086117001
1119086117011
1119086117002
1119086117009
1119086117000
1119086119008
1119086119006
1119086119009
1119086119007
1119030114009
1119030114008
1119030219001
1119030119001
1119030119000
1119086119012
1119086119013
1119086119011
1119086119010
1169090218008
1169090218020
1169090218017
1169090218019
1169090218018
1179091119004
1179091119005
1179091119008
1179091119009
1176086219000
1176086219001
1176086219005
1176086219003
1176086219002
1176086219004
1169090219008
1169090219015
1169090219007
1169090219014
1169090219009
1169090218028
1169090218030
1169090218032
1169090218027
1169090218029
1169090218031
1179091119001
1179091119000
1169090119036
1169090119037
1169090119009
1169090119012
1169090219006
1169090219013
1169090219004
1169090219003
1169090218033
1169090218035
1169090119040
1169090119041
1169090119000
1169090119001
1179091119003
1179091119002
1169090218022
1169090218026
1169090120006
1169090120007
1169090120008
1169090120009
1169090120010
1169090120011
1169090120012
1169090120013
1169090120014
1169090120015
1169090120016
1169090120017
1187091120019
1187091120017
1187091120018
1187091120022
1187091120020
1187091120021
1187091120003
1187091120004
1187091120005
1187091120006
1187091120007
1187091120008
1187091120009
1187091120010
1169090120000
1169090120001
1169090120002
1169090120003
1169090120004
1169090120005
1176086220001
1176086220002
1176086220000
1187091120002
1187091120000
1187091120001
1169090120024
1169090120025
1169090120020
1169090120021
1187091120013
1187091120011
1187091120012
1187091120016
1187091120014
1187091120015
1137086117004
1137086117000
1137086117002
1137086117012
1137086117010
1137086117006
1137086117008
1139091118089
1139091118090
1139091118095
1139091118096
1139091118091
1139091118092
1139091118093
1139091118094
1139091118097
1139091118098
1139091118099
1139091118100
1139091118101
1139091118102
1139091118109
1139091118112
1139091118110
1139091118111
1139091118081
1139091118082
1139091118087
1139091118088
1139091118083
1139091118084
1139091118085
1139091118086
1139091118105
1139091118108
1139091118106
1139091118107
1139091118103
1139091118104
0
7.90
7.90
7.90
7.90
7.90
8.3
8.3
8.3
8.3
8.3
32.00
45.00
49.00
55.00
29.00
22.00
19.00
30.00
43.00
129.00
129.00
129.00
129.00
79.00
79.00
79.00
79.00
119.00
119.00
119.00
119.00
79.00
79.00
79.00
124.00
124.00
124.00
129.00
129.00
129.00
129.00
79.00
79.00
390.00
49.00
59.00
49.00
59.00
119.00
119.00
119.00
119.00
149.00
149.00
149.00
149.00
79.00
79.00
49.00
49.00
39.00
49.00
39.00
49.00
39.00
39.00
119.00
79.00
12.00
12.00
12.00
12.00
12.00
12.00
12.00
12.00
25.00
25.00
25.00
25.00
25.00
25.00
99
99
99.00
99
99.00
99.00
99.00
99.00
29.50
45.00
29.50
45.00
29.50
45.00
29.50
45.00
39.00
49.00
59.00
39.00
49.00
59.00
39.00
49.00
59.00
39.00
49.00
59.00
39.00
49.00
59.00
99
99
99
99
99
99
109
109.00
65.00
65.00
29.50
45.00
29.50
45.00
37
49
37
49
37
49
37
49
37
49
37
49
37
49
29.00
39.00
29.00
39.00
29.00
39.00
39.00
29.00
29.00
39.00
29.00
39.00
73.00
99.00
119
73.00
99.00
73.00
99.00
119
73.00
99.00
119
73.00
99
119
73.00
99.00
99.00
119
73.00
99.00
119
73.00
73.00
99.00
119
73.00
99.00
89.00
109.00
109.00
109.00
109.00
109.00
29.50
45.00
29.50
45.00
29.50
45.00
29.50
45.00
49.00
49.00
49.00
49.00
25.00
25.00
25.00
25.00
25.00
25.00
34.00
39.00
34.00
39.00
34.00
39.00
34.00
39.00
39.00
39.00
39.00
39
34.00
39.00
39.00
39.00
34.00
39.00
39.00
39.00
39.00
39.00
39.00
25.00
34.00
39.00
34.00
39.00
34.00
39.00
34.00
39.00
34.00
39.00
34.00
39.00
34.00
39.00
34.00
39.00
34.00
39.00
39.00
34.00
39.00
34.00
39.00
34.00
39.00
34.00
39.00
34.00
39.00
34.00
39.00
39.00
34.00
34.00
39.00
34.00
39.00
34
39
34
39
34
39
21.00
10
10
10
10
10
10
10
10
10
13.00
13.00
13.00
13.00
10.00
10.00
10.00
10.00
10.00
10.00
10.00
16.00
19.00
29.00
16.00
19.00
29.00
16.00
19.00
29.00
29.00
16.00
19.00
12.00
12.00
12.00
12.00
18.00
10.00
10.00
10.00
10.00
10.00
10.00
10.00
29.00
15.00
15.00
15.00
15.00
16.00
60.00
30.00
15.00
15.00
15.00
15.00
15.00
15.00
15
15
15
15
15
15
15
20
20.00
20.00
20.00
20.00
20.00
20.00
20.00
20.00
20
20.00
58
15.00
14.00
25.00
25.00
25.00
25.00
25.00
15.00
15.00
15.00
15.00
15.00
15.00
15.00
15.00
15.00
15.00
39.00
39.00
17
17
17
17
17
17
17
20.00
5.00
4.80
5.60
4.80
20.00
25.00
19.00
19.00
19.00
19.00
19.00
19.00
19.00
19
19.00
19.00
19
19
19
9.90
9.9
9.90
9.90
9.90
9.90
9.90
9.90
9.90
9.90
9.90
9.90
19
19
25.00
25.00
25.00
25.00
25.00
25.00
29
29
29
29
19.00
19.00
19.00
19
19
45.00
45.00
45.00
45.00
45.00
45.00
45.00
45.00
18.00
18.00
18.00
18.00
18.00
18.00
18.00
39.00
39.00
39.00
39.00
39.00
39.00
39.00
39.00
39.00
39.00
39.00
39.00
39.00
39.00
39.00
39.00
39.00
39.00
39.00
39.00
39.00
39.00
39.00
39.00
39.00
39.00
39.00
39.00
39.00
39.00
39.00
39.00
45.00
45.00
89.00
89.00
89.00
89.00
89.00
89.00
89.00
89.00
89.00
89.00
89.00
89.00
89.00
89.00
89.00
35.00
35.00
35.00
59.00
59.00
59.00
59.00
59.00
59.00
59.00
59.00
59.00
59.00
59
59.00
59.00
59.00
59.00
59.00
59.00
59.00
59.00
59.00
59.00
59.00
59.00
59.00
59.00
59.00
59.00
59.00
59.00
59.00
59.00
59.00
59.00
59.00
59.00
59.00
59.00
45.00
45.00
45.00
45.00
35.00
35.00
35.00
59.00
59.00
59.00
59.00
59.00
59.00
59.00
59.00
59.00
59.00
59.00
59.00
59.00
59.00
59.00
59.00
59.00
59.00
45.00
45.00
65.00
65.00
65.00
65.00
65.00
65.00
65.00
65.00
65.00
65.00
65.00
65.00
65.00
65.00
65.00
65.00
65.00
65.00
35.00
35.00
35.00
45.00
29.00
29.00
29.00
29.00
29.00
29.00
29.00
29.00
29.00
29.00
29
29.00
29.00
29.00
29.00
29.00
29.00
29.00
29.00
29.00
29.00
29.00
29.00
29.00
29.00
29.00
29.00
29.00
29.00
29.00
29.00
29.00
29.00
29.00
55
77
55
77
55
77
55
77
55
77
55
77
139.00
77.00
77.00
85.00
36.00
79.00
79.00
49.00
79.00
79.00
79.00
49.00
79.00
164
164
164
164
149.00
49.00
77.00
77.00
77.00
77.00
77.00
49.00
50.00
79.00
79
119.00
119.00
119.00
164.00
164.00
164.00
79.00
79.00
65.4
84
65.4
84
65.4
84
65.4
84
65.4
84
65.4
84
79.00
79.00
79.00
79.00
79.00
139.00
79.50
79.50
59.50
79.50
79.50
79.50
79.50
79.00
55
77
55
77
55
77
55
77
55
77
55
77
77.00
175.00
259.00
129.00
189.00
129.00
189.00
49.00
79
245.00
390.00
79.00
79
79.00
79
77.00
119.00
119.00
119.00
79
79
79.00
390.00
79.00
79.00
55
69
55
69
55
69
55
69
55
69
55
69
55
69
89.00
129.00
79
79
29.00
39.00
25.00
25.00
25.00
25.00
25.00
25.00
25.00
25.00
25.00
9.90
24.00
39.00
9.90
24.00
39.00
9.90
24.00
39.00
9.90
24.00
39.00
9.90
24.00
39.00
9.90
24.00
39.00
9.90
24.00
39.00
25.00
25.00
25.00
25.00
25.00
25.00
25.00
14.00
25.00
45.00
14.00
25.00
45.00
14.00
25.00
14.00
25.00
45.00
25.00
45.00
16.00
29.00
45.00
29.00
16.00
29.00
45.00
16.00
29.00
45.00
16.00
29.00
45.00
16.00
29.00
45.00
16.00
29.00
45.00
16.00
29.00
45.00
29.00
45.00
29.00
45.00
16.00
29.00
45.00
16.00
29.00
45.00
45.00
14.00
25.00
14.00
25.00
45.00
25.00
14.00
25.00
45.00
39.00
39.00
39.00
39.00
39.00
39.00
39.00
39.00
39.00
6.00
6.00
6.00
6.00
6.00
6.00
6
6
6
6
6.00
6.00
39.00
39.00
39.00
39.00
12.00
24.00
12.00
24.00
12.00
24.00
12.00
24.00
12.00
24.00
12.00
24.00
12.00
24.00
12.00
24.00
12.00
24.00
39
39
39
39
9.9
25.00
25.00
25.00
25
25.00
25.00
25.00
39.00
2.70
7.90
16.90
23.90
2.7
7.9
16.9
23.9
2.70
7.90
16.90
23.90
2.70
7.90
16.90
23.90
2.70
7.90
16.90
23.90
2.70
7.90
16.90
23.90
2.70
7.90
16.90
23.90
2.70
7.90
16.90
23.90
2.70
7.90
16.90
23.90
2.70
7.90
16.90
23.90
2.70
7.90
16.90
23.90
39.00
39.00
39.00
39.00
12.00
12.00
12.00
24.00
12.00
12.00
39.00
39.00
39.00
39.00
12.00
12.00
12.00
12.00
12.00
39
39.00
39.00
39.00
39.00
39.00
13.00
29.00
29.00
29.00
29.00
39.00
39.00
39.00
39.00
12.00
24.00
24.00
24.00
24.00
39.00
39.00
39.00
39.00
39.00
39.00
12.00
24.00
12.00
24.00
12.00
24.00
12.00
24.00
12.00
24.00
12.00
24.00
12.00
24.00
12.00
24.00
12.00
12.00
24.00
24.00
12.00
39.00
12.00
39.00
39.00
12.00
39.00
12.00
39.00
39.00
12.00
24.00
12.00
24.00
12.00
24.00
12.00
39.00
12.00
39.00
39
39
39
39
35.00
35.00
35.00
35.00
35.00
35
39
25.00
25.00
25.00
25.00
25.00
25.00
25.00
25.00
25.00
25.00
25.00
25.00
25.00
19.00
19.00
49.00
39
39.00
39
39
12.00
39.00
12.00
12.00
12.00
13.50
39.00
13.50
39.00
13.50
39.00
13.50
39.00
13.50
39.00
13.50
39.00
13.50
39.00
13.50
39.00
39.00
39.00
39.00
39.00
35.00
35.00
35.00
35.00
35.00
35.00
35.00
35.00
35.00
35.00
35.00
35.00
35.00
35.00
35.00
35.00
35.00
35.00
35.00
39.00
39.00
39.00
39.00
12.00
39.00
12.00
39.00
12.00
39.00
12.00
39.00
39.00
39.00
39
39
39
65.00
65
65
65
65.00
65.00
65
65
65
65
65
39.00
65
65
39.00
59
65
39.00
39.00
65
39.00
39
39.00
39.00
65
65
65
65
65
65
65
65
65.00
65
65.00
59.00
65
39.00
59
65
65
59
59
39
50
39
50
39.00
50.00
50.00
39.00
50.00
39.00
39.00
50.00
39.00
50.00
39.00
50.00
39.00
50.00
39.00
50.00
39.00
50.00
65
65
65
59
59
112.00
112.00
112.00
112.00
112.00
112.00
99
99
99
99
65
59.00
59
59
35.00
55.00
65.00
75.00
35.00
55.00
65.00
75.00
80.00
92.00
114.00
54.00
54
80
92
114
80.00
92.00
114.00
54.00
54.00
80.00
92.00
114.00
80.00
92.00
114.00
54.00
80.00
92.00
114.00
54.00
80.00
92.00
114.00
54.00
80.00
92.00
114.00
54.00
35.00
55.00
65.00
75.00
35.00
55.00
65.00
75.00
35.00
55.00
65.00
75.00
35.00
55.00
65.00
75.00
29.00
39.00
49.00
59.00
29.00
39.00
49.00
59.00
29.00
39.00
49.00
59.00
35.00
55.00
65.00
75.00
35.00
55.00
65.00
75.00
55.00
65.00
75.00
35.00
55.00
65.00
75.00
35.00
55.00
65.00
75.00
35.00
49
49
49
49
35
55
65
75
35
55
65
75
35
55
65
75
79.00
59.00
79.00
35.00
55.00
65.00
75.00
35
55
65
75
35.00
55.00
65.00
75.00
35
55
65
75
35.00
55.00
65.00
75.00
55.00
65.00
75.00
35.00
29.00
39.00
49.00
59.00
29.00
39.00
49.00
59.00
29.00
39.00
49.00
59.00
35.00
55.00
65.00
75.00
35
55
65
75
35.00
55.00
65.00
75.00
35.00
55.00
65.00
75.00
35
55
65
75
35
55
65
75
33
33
33
33
33
33
33
65
99
129
139
65.00
99.00
129.00
139.00
65.00
99.00
129.00
139.00
65.00
99.00
129.00
139.00
65.00
99.00
129.00
139.00
65.00
99.00
129.00
139.00
65.00
99.00
129.00
139.00
65.00
99.00
129.00
139.00
65.00
99.00
129.00
139.00
65
99
129
139
65.00
99.00
129.00
139.00
35
55
65
75
35
55
65
75
35.00
55.00
65.00
75.00
35.00
55.00
65.00
75.00
35.00
55.00
65.00
75.00
35
55
65
75
35
55
65
75
35
55
65
75
35
55
65
75
65.00
76.00
65.00
76.00
43.00
65.00
43.00
65.00
29.00
29.00
29.00
29.00
29.00
29.00
119.00
119.00
119.00
119.00
65.00
76.00
65.00
76.00
65.00
76.00
76.00
65.00
65.00
43
65
76
43
65
76
43
65
76
43
65
76
43
65
76
39.00
43.00
65.00
43.00
65.00
43
65
76
43
65
76
39.00
43
65
39.00
43
65
39.00
39.00
39.00
39.00
43
65
76
43
65
76
43
65
76
43
65
76
43
65
76
43
65
76
65.00
76.00
65.00
76.00
65.00
65.00
43
65
65.00
76.00
65.00
76.00
65.00
39.00
65.00
76.00
65.00
76.00
43
65
43.00
65.00
43.00
65.00
19.00
26.00
33.00
26
19
26
33
19.00
26.00
33.00
19.00
26
26.00
33.00
19.00
26
26.00
33.00
33.00
19.00
26
26.00
19.00
26
26.00
33.00
33.00
19.00
26.00
19.00
26.00
33.00
19.00
26.00
33.00
19.00
26
26.00
33.00
43
65
76
43
65
76
43
65
65.00
112.00
112.00
112.00
112.00
112.00
112.00
112.00
112.00
112.00
112.00
112.00
112.00
38.00
38.00
38.00
38.00
38.00
38.00
119
119
119
119
43.00
65.00
65.00
43
65
65.00
76.00
65.00
76.00
49.00
49.00
49.00
49.00
49.00
49.00
49.00
49.00
49.00
49.00
144.00
192.00
216.00
240.00
120.00
135.00
175.00
39
49
39
49
39.00
49.00
39.00
49.00
39
49
39
49
39
49.00
39.00
49.00
39.00
49.00
135.00
125.00
135.00
115.00
111.00
39.00
39.00
49.00
49.00
229.00
229.00
229.00
229.00
229.00
139.00
139.00
149.00
149.00
105.00
105.00
105.00
105.00
105.00
105.00
250.00
370.00
250.00
370.00
250.00
250.00
370.00
229.00
250.00
370.00
229.00
132.00
132.00
250.00
370.00
250.00
370.00
250.00
370.00
250.00
250.00
250.00
370.00
250.00
370.00
250.00
370.00
149.00
149.00
250.00
229.00
250
370
250
370
250
370
250
370
250
370
250
370
89.00
24.00
30.00
89.00
24.00
30.00
79.00
119.00
79.00
119.00
79.00
119.00
79.00
119.00
250
370
250
370
250
370
105
105
105
89.00
24.00
30.00
250
370
250
370
89.00
27.00
39.00
89.00
27.00
39.00
168.00
168.00
168.00
168.00
168.00
168.00
168.00
79.00
109.00
79.00
109.00
79.00
109.00
79.00
109.00
79.00
109.00
79.00
109.00
79.00
109.00
39.00
39.00
39.00
39.00
79.00
109.00
79.00
109.00
79.00
109.00
79.00
109.00
69.00
69.00
69.00
69.00
79.00
109.00
0
0%
0%
0%
0%
0%
50%
50%
50%
50%
50%
0%
0%
0%
0%
0%
0%
0%
0%
0%
0%
0%
0%
0%
0%
0%
0%
0%
0%
0%
0%
0%
0%
0%
0%
0%
0%
0%
0%
0%
0%
0%
0%
0%
0%
20%
20%
20%
20%
0%
0%
0%
0%
0%
0%
0%
0%
0%
0%
40%
40%
40%
40%
40%
40%
40%
40%
40%
0%
0%
0%
0%
0%
0%
0%
0%
0%
0%
0%
0%
0%
0%
0%
0%
0%
0%
0%
10%
10%
10%
10%
0%
0%
0%
0%
0%
0%
0%
0%
20%
20%
20%
20%
20%
20%
20%
20%
20%
20%
20%
20%
20%
20%
20%
0%
0%
0%
0%
0%
0%
10%
10%
0%
0%
0%
0%
0%
0%
0%
0%
0%
0%
0%
0%
0%
0%
0%
0%
0%
0%
0%
0%
0%
0%
0%
0%
0%
0%
0%
0%
0%
0%
0%
0%
0%
0%
0%
0%
0%
0%
0%
0%
0%
0%
0%
0%
0%
0%
0%
0%
0%
0%
0%
0%
0%
0%
0%
0%
0%
0%
0%
10%
0%
0%
0%
0%
0%
0%
0%
0%
0%
0%
0%
0%
0%
0%
0%
0%
0%
0%
0%
0%
0%
0%
0%
0%
0%
0%
0%
0%
0%
0%
0%
0%
0%
0%
0%
0%
0%
0%
0%
0%
0%
0%
0%
0%
0%
0%
0%
0%
0%
0%
0%
0%
0%
0%
0%
0%
0%
0%
0%
0%
0%
0%
0%
0%
0%
0%
0%
0%
0%
0%
0%
0%
0%
0%
0%
0%
0%
0%
0%
0%
0%
0%
0%
0%
0%
0%
0%
0%
0%
0%
0%
0%
0%
0%
0%
0%
0%
0%
0%
0%
0%
0%
0%
0%
0%
0%
0%
0%
0%
0%
0%
0%
0%
0%
0%
0%
0%
0%
0%
0%
0%
0%
0%
0%
0%
0%
0%
0%
0%
0%
0%
0%
0%
0%
0%
0%
0%
0%
0%
0%
0%
0%
0%
0%
0%
0%
0%
0%
0%
0%
0%
0%
0%
0%
0%
0%
0%
0%
0%
0%
0%
0%
0%
0%
0%
0%
0%
50%
0%
0%
0%
0%
0%
0%
0%
0%
0%
0%
0%
0%
0%
0%
0%
0%
0%
0%
0%
0%
0%
0%
0%
0%
0%
0%
0%
0%
0%
0%
0%
50%
0%
0%
0%
0%
0%
0%
0%
0%
0%
0%
0%
0%
0%
0%
0%
0%
0%
0%
0%
0%
0%
0%
0%
0%
0%
0%
0%
0%
10%
10%
10%
10%
10%
10%
10%
10%
10%
10%
0%
0%
0%
0%
0%
0%
0%
0%
0%
0%
0%
0%
0%
0%
0%
0%
0%
0%
0%
0%
0%
0%
0%
0%
0%
0%
0%
0%
0%
0%
0%
0%
0%
0%
0%
0%
0%
0%
0%
0%
0%
0%
0%
0%
0%
0%
0%
0%
0%
0%
0%
0%
0%
0%
0%
0%
0%
0%
0%
0%
0%
0%
0%
0%
0%
0%
0%
0%
0%
0%
0%
0%
0%
0%
0%
0%
0%
0%
0%
0%
0%
0%
0%
0%
0%
0%
0%
0%
0%
0%
0%
0%
0%
0%
0%
0%
0%
0%
0%
0%
0%
0%
0%
0%
0%
0%
0%
0%
0%
0%
0%
0%
0%
0%
0%
0%
0%
0%
0%
0%
0%
0%
0%
0%
0%
0%
0%
0%
0%
0%
0%
0%
0%
0%
0%
0%
0%
0%
0%
0%
0%
0%
0%
0%
0%
0%
0%
0%
0%
0%
0%
0%
0%
0%
0%
0%
0%
0%
0%
0%
0%
0%
0%
0%
0%
0%
0%
0%
0%
0%
0%
0%
0%
0%
0%
0%
0%
0%
0%
0%
0%
0%
0%
0%
0%
0%
0%
0%
0%
0%
0%
0%
10%
10%
10%
10%
10%
10%
10%
10%
10%
10%
10%
10%
0%
10%
10%
0%
0%
10%
10%
0%
10%
10%
10%
0%
10%
10%
10%
10%
10%
0%
0%
10%
10%
10%
10%
10%
0%
0%
0%
0%
0%
0%
0%
10%
0%
0%
0%
0%
40%
40%
40%
40%
40%
40%
40%
40%
40%
40%
40%
40%
0%
0%
0%
0%
0%
0%
0%
0%
0%
0%
0%
0%
0%
0%
10%
10%
10%
10%
10%
10%
10%
10%
10%
10%
10%
10%
10%
0%
0%
0%
0%
0%
0%
0%
0%
0%
0%
0%
0%
0%
0%
10%
0%
0%
0%
0%
0%
0%
0%
0%
0%
0%
0%
0%
0%
0%
0%
0%
0%
0%
0%
0%
0%
0%
0%
0%
0%
0%
0%
0%
0%
0%
0%
0%
0%
0%
0%
0%
0%
0%
0%
0%
0%
0%
0%
0%
0%
0%
0%
0%
0%
0%
0%
0%
0%
0%
0%
0%
0%
0%
0%
0%
0%
0%
0%
0%
0%
0%
0%
0%
0%
0%
0%
0%
0%
0%
0%
0%
0%
0%
0%
0%
0%
0%
0%
0%
0%
0%
0%
0%
0%
0%
0%
0%
0%
0%
0%
0%
0%
0%
0%
0%
0%
0%
0%
0%
0%
0%
0%
0%
0%
0%
0%
0%
0%
0%
0%
0%
0%
0%
0%
0%
0%
0%
0%
0%
0%
0%
0%
0%
0%
0%
0%
0%
0%
0%
0%
0%
0%
0%
0%
0%
0%
0%
0%
0%
0%
0%
0%
0%
0%
0%
0%
0%
0%
0%
0%
0%
0%
0%
0%
0%
0%
0%
0%
0%
0%
0%
0%
0%
0%
0%
0%
0%
0%
0%
0%
0%
0%
0%
0%
0%
0%
0%
0%
0%
0%
0%
0%
0%
0%
0%
0%
0%
0%
0%
0%
0%
0%
0%
0%
0%
0%
0%
0%
0%
0%
0%
0%
0%
0%
0%
0%
0%
0%
0%
0%
0%
0%
0%
0%
0%
0%
0%
0%
0%
0%
0%
0%
0%
0%
0%
0%
0%
0%
0%
0%
0%
0%
0%
0%
0%
0%
0%
0%
0%
0%
0%
0%
0%
0%
0%
0%
0%
0%
0%
0%
0%
0%
0%
0%
0%
0%
0%
0%
0%
0%
0%
0%
0%
0%
0%
0%
0%
0%
0%
0%
0%
0%
0%
0%
0%
0%
0%
0%
0%
0%
0%
0%
0%
0%
0%
0%
0%
0%
0%
0%
0%
0%
0%
0%
0%
0%
0%
0%
0%
0%
0%
0%
0%
0%
0%
0%
0%
0%
0%
0%
0%
0%
0%
0%
0%
0%
0%
0%
0%
0%
0%
0%
0%
0%
0%
0%
0%
0%
0%
0%
0%
0%
0%
0%
0%
0%
0%
0%
0%
0%
0%
0%
0%
0%
0%
0%
0%
0%
0%
0%
0%
0%
0%
0%
0%
0%
0%
0%
0%
0%
0%
0%
0%
0%
0%
0%
0%
0%
0%
0%
0%
0%
0%
0%
0%
0%
0%
0%
0%
0%
0%
0%
0%
0%
0%
0%
0%
0%
0%
0%
0%
0%
0%
10%
10%
10%
10%
10%
10%
10%
10%
10%
10%
10%
0%
10%
10%
0%
0%
10%
0%
0%
10%
0%
0%
0%
0%
10%
10%
10%
10%
10%
10%
10%
10%
10%
10%
10%
0%
10%
0%
0%
10%
10%
0%
0%
0%
0%
0%
0%
0%
0%
0%
0%
0%
0%
0%
0%
0%
0%
0%
0%
0%
0%
0%
0%
0%
0%
10%
10%
10%
0%
0%
10%
10%
10%
10%
10%
10%
10%
10%
10%
10%
10%
0%
0%
0%
0%
0%
0%
0%
0%
0%
0%
0%
40%
40%
40%
40%
40%
40%
40%
40%
40%
40%
40%
40%
40%
40%
40%
40%
40%
40%
40%
40%
40%
40%
40%
40%
40%
40%
40%
40%
40%
40%
40%
40%
0%
0%
0%
0%
0%
0%
0%
0%
0%
0%
0%
0%
0%
0%
0%
0%
0%
0%
0%
0%
0%
0%
0%
0%
0%
0%
0%
0%
0%
0%
0%
0%
0%
0%
0%
0%
0%
0%
0%
0%
0%
0%
0%
0%
0%
0%
0%
0%
0%
0%
0%
0%
0%
0%
0%
0%
0%
0%
0%
0%
0%
0%
0%
0%
0%
0%
0%
0%
0%
0%
0%
0%
0%
0%
0%
0%
0%
0%
0%
0%
0%
0%
0%
0%
0%
0%
0%
0%
0%
0%
0%
0%
0%
0%
0%
0%
0%
0%
0%
0%
0%
0%
0%
0%
0%
0%
0%
0%
0%
0%
0%
0%
0%
0%
0%
0%
0%
0%
0%
0%
0%
0%
0%
0%
0%
0%
0%
0%
0%
0%
0%
0%
0%
0%
0%
0%
0%
0%
0%
0%
0%
0%
0%
0%
0%
0%
0%
0%
0%
0%
0%
0%
0%
0%
0%
0%
0%
0%
0%
0%
0%
0%
0%
0%
0%
0%
0%
0%
0%
0%
0%
0%
0%
0%
0%
0%
0%
0%
0%
0%
0%
0%
0%
0%
0%
0%
0%
0%
0%
0%
0%
0%
0%
0%
0%
0%
0%
0%
0%
0%
0%
0%
0%
0%
0%
0%
0%
0%
0%
0%
0%
0%
0%
0%
40%
40%
40%
40%
10%
10%
10%
10%
0%
0%
0%
0%
0%
0%
0%
0%
0%
0%
40%
40%
40%
40%
10%
10%
10%
10%
10%
10%
10%
10%
10%
10%
10%
10%
10%
10%
10%
10%
10%
10%
10%
10%
0%
10%
10%
10%
10%
10%
10%
10%
10%
10%
10%
0%
10%
10%
0%
10%
10%
0%
0%
0%
0%
10%
10%
10%
10%
10%
10%
10%
10%
10%
10%
10%
10%
10%
10%
10%
10%
10%
10%
10%
10%
10%
10%
10%
10%
10%
10%
40%
40%
40%
40%
10%
0%
40%
40%
40%
40%
10%
10%
10%
10%
10%
10%
0%
0%
0%
0%
0%
0%
0%
0%
0%
0%
0%
0%
0%
0%
0%
0%
0%
0%
0%
0%
0%
0%
0%
0%
0%
0%
0%
0%
0%
0%
0%
0%
0%
0%
0%
0%
0%
0%
0%
10%
10%
10%
10%
10%
10%
10%
10%
10%
10%
10%
10%
10%
10%
10%
10%
10%
10%
10%
10%
10%
10%
10%
10%
10%
10%
10%
10%
10%
10%
10%
10%
10%
10%
10%
10%
40%
40%
40%
40%
0%
0%
0%
0%
0%
0%
0%
0%
0%
0%
0%
0%
0%
0%
0%
0%
0%
0%
0%
0%
0%
0%
0%
0%
0%
0%
0%
0%
0%
0%
0%
0%
0%
0%
0%
0%
0%
0%
0%
0%
0%
0%
0%
0%
20%
20%
20%
20%
20%
10%
10%
10%
10%
0%
0%
0%
0%
0%
0%
20%
20%
20%
20%
20%
20%
20%
20%
20%
20%
20%
10%
10%
20%
20%
20%
20%
20%
20%
20%
20%
20%
20%
20%
20%
20%
20%
10%
10%
20%
20%
20%
20%
20%
20%
20%
20%
20%
20%
20%
20%
20%
20%
0%
0%
0%
0%
0%
0%
0%
0%
0%
0%
0%
0%
0%
0%
20%
20%
20%
20%
20%
20%
20%
20%
20%
0%
0%
0%
20%
20%
20%
20%
0%
0%
0%
0%
0%
0%
0%
0%
0%
0%
0%
0%
0%
0%
0%
0%
0%
0%
0%
0%
0%
0%
0%
0%
0%
0%
0%
0%
0%
0%
0%
0%
0%
0%
0%
0%
0%
0%
0%
0%
0%
0%
0%
0%
0%
100
