12
13
14
15
16
17
18
19
20
21
22
23
24
25
26
27
28
29
30
31
32
33
34
35
36
37
38
39
40
41
42
43
44
45
46
47
48
49
50
51
52
53
54
55
56
57
58
59
60
61
62
63
64
65
66
67
68
69
70
71
72
73
74
75
76
77
78
79
80
81
82
83
84
85
86
87
88
89
90
91
92
93
94
95
96
97
98
99
100
101
102
103
104
105
106
107
108
109
110
111
112
113
114
115
116
117
118
119
120
121
122
123
124
125
126
127
128
129
130
131
132
133
134
135
136
137
138
139
140
141
142
143
144
145
146
147
148
149
150
151
152
153
154
155
156
157
158
159
160
161
162
182
183
184
186
187
188
189
190
197
198
199
200
201
202
203
204
205
206
207
208
209
210
211
212
213
214
215
216
218
223
224
225
226
227
228
233
234
235
236
237
238
239
240
241
242
243
244
245
246
247
248
249
250
251
252
253
254
255
256
257
273
274
275
276
290
291
292
293
294
295
296
297
298
299
300
301
302
303
304
305
306
307
308
309
310
311
312
313
314
315
316
317
318
319
320
321
322
323
324
325
326
327
328
329
330
331
332
333
334
335
336
337
338
339
340
341
342
343
344
345
346
347
348
349
350
351
352
353
354
355
356
357
358
359
360
361
362
363
364
365
366
367
368
369
370
371
372
373
374
375
379
380
381
383
384
385
386
387
388
389
390
391
392
393
394
395
396
397
398
399
400
409
410
411
412
413
414
416
417
418
419
420
421
422
423
424
425
426
427
428
429
430
431
434
435
436
437
438
439
440
441
442
443
444
445
446
447
448
449
450
451
452
453
454
455
456
457
458
459
460
461
469
470
471
472
473
475
476
477
478
479
480
481
483
484
486
487
488
489
491
492
493
494
495
496
497
498
499
500
501
502
503
504
505
506
507
508
510
511
512
513
514
515
516
517
518
519
520
521
522
523
524
525
526
527
528
529
530
531
532
533
534
535
536
537
538
539
540
541
542
543
544
545
546
547
548
549
550
551
552
553
554
555
556
557
558
559
560
561
562
563
564
565
566
567
568
569
570
571
572
573
574
575
576
577
578
579
580
581
582
583
584
585
586
587
588
589
590
591
592
593
594
595
596
597
598
599
600
601
602
603
604
605
606
607
608
609
610
611
612
613
614
615
616
617
618
619
620
621
622
623
624
625
626
627
628
629
630
631
632
633
634
635
636
637
638
639
640
641
642
643
644
645
646
647
648
667
668
669
670
671
672
673
674
675
676
677
678
679
680
681
682
683
684
685
686
687
688
689
690
691
692
693
694
695
696
697
698
699
700
701
702
703
704
705
706
707
708
709
710
711
712
713
714
715
716
717
718
719
720
721
722
723
724
725
726
727
728
729
735
736
737
738
739
740
741
748
749
750
751
752
753
754
755
756
757
758
759
760
761
762
763
764
765
766
767
768
769
770
771
772
773
774
775
776
777
778
779
780
781
795
796
797
798
799
800
801
802
803
804
805
806
807
808
809
810
811
812
813
814
815
816
817
818
819
820
821
822
823
824
825
826
827
828
829
830
831
832
837
838
839
840
841
842
843
844
845
846
847
848
849
850
851
852
853
854
855
856
857
858
859
860
861
862
863
864
865
866
867
868
869
870
871
872
873
874
875
876
1050
1051
1052
1053
1054
1055
1056
1057
1058
1059
1060
1061
1062
1063
1064
1065
1066
1067
1068
1069
1070
1071
1072
1073
1074
1075
1076
1077
1078
1079
1080
1081
1082
1083
1084
1085
1086
1087
1088
1089
1090
1091
1092
1093
1094
1095
1096
1097
1098
1099
1100
1101
1102
1103
1104
1105
1106
1107
1108
1109
1110
1111
1112
1113
1114
1115
1116
1117
1118
1119
1120
1121
1122
1123
1124
1125
1126
1127
1128
1129
1130
1131
1132
1133
1134
1135
1136
1137
1138
1139
1140
1141
1142
1143
1144
1145
1147
1148
1150
1151
1152
1153
1154
1155
1156
1157
1158
1159
1160
1161
1162
1163
1164
1165
1166
1167
1168
1169
1170
1171
1172
1173
1174
1175
1176
1177
1178
1179
1180
1181
1182
1183
1184
1185
1186
1187
1188
1189
1190
1191
1192
1193
1194
1195
1196
1197
1198
1199
1200
1201
1202
1203
1204
1205
1206
1207
1208
1209
1210
1211
1212
1213
1214
1215
1216
1217
1219
1220
1221
1222
1223
1224
1225
1226
1227
1228
1229
1230
1231
1232
1233
1234
1235
1236
1237
1238
1239
1240
1241
1242
1243
1244
1245
1246
1250
1252
1253
1255
1256
1257
1258
1259
1260
1261
1262
1263
1264
1265
1266
1267
1268
1269
1270
1271
1272
1273
1274
1275
1276
1277
1278
1279
1280
1281
1282
1283
1284
1285
1286
1287
1288
1289
1290
1291
1292
1293
1300
1301
1302
1303
1305
1306
1307
1308
1310
1311
1312
1313
1315
1316
1318
1320
1321
1322
1323
1325
1326
1327
1328
1330
1331
1332
1333
1335
1336
1337
1338
1340
1341
1342
1343
1345
1346
1347
1348
1354
1355
1356
1358
1360
1361
1365
1369
1370
1371
1514
1515
1516
1517
1709
1710
1711
1720
1721
1722
1723
1724
1725
1729
1730
1731
1732
1733
1734
1735
1736
1737
1738
1739
1740
1781
1782
1783
1784
1785
1786
1787
1788
1789
1790
1791
1792
1793
1794
1795
1796
2034
2035
2036
2038
2039
2040
2041
2042
2044
2045
2046
2047
2048
2050
2051
2052
2053
2054
2055
3002
3003
3004
3005
3006
3007
3008
3009
3010
3011
3012
3013
3014
3015
3016
3017
3018
3019
3020
3021
3022
3023
3024
3025
3026
3027
3028
3029
3030
3031
3032
3033
3034
3035
3036
3037
3042
3043
3044
3045
3046
3047
3052
3053
3054
3055
3056
3057
3058
3059
3060
3061
3062
3063
3064
3065
3066
3067
3068
3069
3070
3071
3072
3073
3074
3075
3076
3077
3078
3079
3080
3081
3082
3083
3091
3092
3094
3095
3096
3097
3098
3099
3100
3101
3102
3103
3104
3105
3166
3167
3171
3172
3173
3200
3202
3203
3204
3205
3206
3209
3210
3211
3213
3215
3217
3218
3219
3220
3221
3223
3224
3225
3226
3227
3228
3229
3230
3231
3232
3233
3234
3235
3236
3237
3515
3516
3517
3520
3526
3562
3572
3573
3574
3575
3600
3602
3603
3605
3700
3701
3702
3703
3704
3705
3714
3715
3716
3738
3740
3745
3800
3818
3820
3822
3825
3826
3827
3863
3864
3865
3866
3867
3868
3869
3870
3871
3872
3873
3874
5000
5001
5002
5003
5004
5005
5006
5007
5008
5009
5010
5011
5012
5013
5014
5015
5016
5017
5018
5019
5020
5021
5345
7000
7001
7002
7003
7004
7005
7006
7007
7008
7009
7010
7011
7012
7013
7014
7015
7016
7017
7018
7019
7020
8001
8002
8003
8004
8005
8006
8007
8008
8009
8010
8011
8012
8013
8014
8015
8016
8017
8018
8019
8020
8021
8022
8023
8024
8025
8026
8027
8028
8029
8030
8031
8032
8033
8034
8035
8036
8037
8038
8039
8040
8041
8042
8043
8044
8045
8046
8047
8048
8049
8050
8051
8052
8053
8054
8055
8056
8057
8058
8059
8060
8061
8062
8063
8064
8065
8066
8067
8068
8069
8070
8071
8072
8073
8074
8075
8076
8077
8078
8079
8080
8081
8082
8083
8084
8085
8086
8087
8088
8089
8090
8091
8092
8093
8094
8095
8096
8097
8098
8099
8100
8101
8102
8103
8104
8105
8106
8107
8108
8109
8110
8111
8112
8113
8114
8115
8116
8117
8118
8119
8200
8201
8202
8203
8204
8205
8206
8207
8208
8209
8210
8211
8212
8213
8214
8215
8216
8217
8218
8219
8220
8221
8222
8223
8224
8225
8226
8227
8228
8229
8230
8231
8232
8233
8234
8235
8236
8237
8238
8239
8240
8241
8242
8243
8244
8245
8246
8247
8248
8249
8250
8251
8252
8253
8254
8255
8256
8257
8258
8259
8260
8261
8262
8263
8264
8265
8266
8267
8268
8269
8270
8271
8272
8273
8274
8275
8276
8277
8278
8279
8280
8281
8282
8283
8284
8285
8286
8287
8288
8289
8290
8291
8292
8293
8294
8295
8296
8297
8299
8300
8301
8302
8303
8304
8305
8306
8307
8308
8309
8310
8311
8312
8313
8314
8315
8316
8317
8318
8319
8320
8321
8322
8323
8324
8325
8326
8327
8328
8329
8500
8501
8502
8503
8504
8505
8506
8507
8508
8509
8510
8511
8512
8513
8514
8515
8516
8517
8518
8519
8520
8521
8522
8523
8524
8525
8526
8527
8529
8530
8531
8532
8533
8534
8535
8536
8537
8538
8539
8540
8541
8542
8543
8544
8545
8546
8547
8548
8549
8550
8551
8552
8553
8554
8555
8556
8557
8558
8559
8561
8562
8563
8564
8565
8566
8567
8568
8569
8590
8591
8592
8593
8594
8595
8596
8597
8598
8599
8600
8601
8602
8603
8604
8605
8606
8607
8608
8609
8610
8611
8612
8613
8614
8615
8616
8617
8618
8619
8620
8621
8622
8623
8624
8625
8626
8627
8628
8629
8630
8631
8632
8633
8634
8635
8636
8637
8638
8639
8641
8642
8643
8644
8645
8646
8647
8648
8649
8650
8651
8652
8653
8654
8655
8656
8657
8658
8659
8660
8661
8662
8663
8664
8665
8666
8667
8668
8669
8670
8671
8672
8673
8674
8675
8676
8677
8678
8679
8680
8681
8682
8683
8684
8685
8686
8687
8688
8689
8690
8691
8692
8693
8694
8695
8696
8697
8698
8699
8700
8701
8702
8703
8704
8705
8706
8707
8708
8709
8710
8711
8712
8713
8714
8715
8716
8717
8718
8719
8720
8721
8722
8723
8724
8725
8726
8727
8728
8729
8730
8731
8732
8733
8734
8735
8736
8737
8738
8739
8740
8741
8742
8743
8744
8745
8746
8747
8748
8749
8750
8751
8752
8753
8754
8755
8756
8757
8758
8759
8760
8761
8762
8763
8999
9000
9001
9002
9003
9004
9005
9006
9007
9008
9009
9010
9011
9012
9013
9014
9015
9016
9017
9018
9019
9020
9021
9022
9023
9024
9025
9026
9027
9028
9029
9030
9031
9032
9033
9034
9035
9036
9037
9038
9039
9040
9041
9042
9043
9044
9045
9046
9047
9048
9049
9050
9051
9052
9053
9054
9055
9056
9057
9058
9059
9060
9061
9062
9063
9064
9065
9066
9067
9068
9069
9070
9071
9072
9073
9074
9075
9076
9077
9078
9079
9080
9081
9082
9083
9084
9085
9460
9461
9462
9463
9464
9465
9466
9467
9468
9469
9510
9511
9513
9514
9515
9516
9517
9518
9519
9520
9521
9522
9523
9524
9525
9526
9527
9528
9529
9530
9531
9532
9533
9534
9535
9536
12001
12002
12003
12006
12008
12009
12010
12011
12014
12015
12016
13000
13001
13002
13003
13004
13005
13006
13007
13008
13009
13010
13011
13012
13013
13022
100009
110001
110002
110003
110004
110005
110006
110007
110008
110009
110010
700022
5555555
5555556
5555557
5555558
2222222222
2222222223
2222222224
2222222225
2222222226
2222222227
2222222228
2222222229
2222222230
2222222231
2222222232
2222222233
11621012356
60060123456
60130123456
60140123456
90260123456
90270123456
104130123456
104290123456
104330123456
104370123456
104380123456
104390123456
104560123456
104620123456
104650123456
105270123456
105320123456
105340123456
105380123456
105400123456
105420123456
105440123456
105460123456
105480123456
105500123456
105520123456
105570123456
105580123456
105600123456
105620123456
105630123456
105640123456
105670123456
105680123456
105750123456
105790123456
105810123456
105830123456
105850123456
105930123456
105960123456
105970123456
105990123456
106010123456
106030123456
106050123456
106070123456
106350123456
106360123456
106370123456
106380123456
112990123456
113000123456
113010123456
113040123456
113050123456
113150123456
113180123456
113190123456
113470123456
115370123456
115420123456
115440123456
115490123456
115500123456
115530123456
115550123456
115570123456
115590123456
115610123456
115630123456
115660123456
115670123456
115680123456
115690123456
115700123456
115710123456
115720123456
115730123456
115750123456
115790123456
115810123456
115830123456
115850123456
116220123456
116230123456
116240123456
124550123456
124560123456
124800123456
125020123456
125090123456
132400123456
132690123456
132700123456
132880123456
132890123456
134800123456
134810123456
134820123456
134930123456
134940123456
134950123456
134960123456
134970123456
134980123456
134990123456
135000123456
143200123456
145050123456
145150123456
145160123456
152770123456
152780123456
152960123456
152970123456
163510123456
163720123456
163890123456
163930123456
164020123456
164120123456
164130123456
164140123456
164150123456
164160123456
164170123456
164190123456
164490123456
164500123456
164510123456
172600123456
172720123456
172730123456
172740123456
172760123456
172770123456
172780123456
172800123456
173080123456
173100123456
173110123456
173120123456
173130123456
173140123456
173150123456
203360123456
204090123456
204100123456
204110123456
204120123456
204130123456
281850123456
281870123456
281900123456
282010123456
282050123456
282170123456
282270123456
282280123456
282300123456
282310123456
282320123456
282370123456
282390123456
282410123456
282420123456
282450123456
282460123456
282480123456
282500123456
282510123456
283030123456
283040123456
283090123456
283100123456
283130123456
283150123456
283160123456
283170123456
283180123456
283190123456
283200123456
283210123456
283350123456
283370123456
283380123456
283390123456
283400123456
283420123456
290260123456
290270123456
290280123456
290290123456
290300123456
290310123456
290320123456
290330123456
290340123456
290350123456
290360123456
290370123456
290380123456
290390123456
290400123456
290410123456
290420123456
301700123456
301710123456
301720123456
301730123456
301750123456
301760123456
301770123456
301780123456
301790123456
301800123456
301820123456
301830123456
301840123456
301850123456
301860123456
301870123456
321950123456
321980123456
321990123456
322000123456
322030123456
322040123456
322050123456
322060123456
322070123456
322080123456
322090123456
322100123456
322220123456
330360123456
501370123456
501420123456
501510123456
501520123456
501530123456
501540123456
501560123456
1110030119003
1110030119004
1110030119005
1110030119006
1110030119007
1110030119012
1110030119020
1110030119022
1110030119026
1110030120000
1110092119043
1110092120001
1110092120002
1110092120003
1110092120004
1110092120005
1110092120006
1110092120007
1110092120008
1110092120009
1110092120010
1110092120011
1110092120012
1110092120013
1110092120014
1110092219018
1110092219019
1110092219030
1110092219031
1110092219032
1110092219033
1110092219034
1110092220001
1110092220004
1110092220005
1110092220009
1110092220010
1110092220011
1110092220012
1110092220013
1110092220017
1110092220020
1110092220021
1110092220024
1110092220025
1110092220026
1110092220027
1110092220029
1110092220030
1110092220031
1110092220032
1110092220033
1110092220034
1110092220035
1110092220037
1110092220038
1110092220039
1110092220040
1110092220041
1110092220042
1110092220043
1110092220045
1110092220046
1110092220047
1110092220054
1110092220055
1110092220056
1110092220057
1110092220058
1110092220059
1111086218037
1111086219003
1111086219008
1111086219014
1111086219027
1111086219028
1111086219029
1111086219030
1111086219031
1111086219032
1111086219054
1111086219055
1111086219056
1111086219057
1111111111111
1112030119004
1112030120000
1112030219001
1112030219002
1112092220001
1112092220002
1112092220003
1112092220005
1112092220006
1112092220016
1112092220018
1112092220020
1113086216003
1113086216012
1113090219016
1113090219018
1113092120000
1113092120002
1113092120003
1113092120004
1113092120005
1113092120006
1113092120007
1113092120008
1114086119045
1114086119054
1114086119056
1114086119060
1114086120037
1114086120038
1114086120039
1114086120040
1114086120041
1114086120042
1114086120043
1114086120044
1133030118052
1179091119000
1179091119001
1179091119002
1179091119003
1179091119008
1222222222222
1333333333333
1710030215003
1710030215013
1710030215014
1710030215015
1710030216000
1710030216001
1710030217000
1710092119000
1710092119001
1710092119002
1710092119003
1710092119004
1710092119005
1710092119007
1710092119008
1710092119009
1710092119010
1713090215002
1713090217000
1714086119002
1714086219001
1714086219002
1714086219004
1714086219005
1714086219006
1714086219008
1714086219010
1714086219011
1719030120011
1719030120012
1719030120014
1719030120015
1719030120017
1719030120018
1719030120020
1719030120021
1719030120023
1719030120024
1719030120033
1719030120035
1719030120036
1769090115034
1769090117012
1769090117014
1769090117015
1769090117021
1769090117022
1769090117023
9990002452864
9990002452865
9990002452866
9990002452867
9990002452868
9990002452869
9990002452870
9990002452871
9990002452872
9990002452873
9990002452874
9990002452875
9990002452876
9990002452877
9990002452878
9990002452879
9990002452880
9990002452881
9990002452882
9990002452883
9990002452884
9990002452885
9990002452886
9990002452887
9990002452888
9990002452889
9990002452890
9990002452891
9990002452892
9990002452893
9990002452894
9990002452895
9990002452896
9990002452897
9990002452898
9990002452899
9990002452900
9990002452901
9990002452902
9990002452903
9990002452904
9990002452905
9990002452906
9990002452907
9990002452908
9990002452909
9990002452910
9990002452911
9990002452912
9990002452913
9990002452914
9990002452915
9990002452916
9990002452917
9990002452918
9990002452919
9990002452920
9990002452921
9990002452922
9990002452923
9990002452924
9990002452925
9990002452926
9990002452927
9990002452928
9990002452929
9990002452930
9990002452931
9990002452932
9990002452933
9990002452934
9990002452935
τεστ
0
38
38
38
38
38
38
38
38
38
38
38
52
52
52
52
52
52
52
52
52
52
52
82
82
82
82
82
82
82
82
82
82
82
95
95
95
95
95
95
95
95
95
95
95
73
73
73
73
73
73
73
73
73
73
73
62
62
62
62
62
62
62
62
62
62
62
46
46
46
46
46
46
46
46
46
46
46
62
62
62
62
62
62
62
62
62
62
62
11.5
11.5
11.5
11.5
11.5
11.5
11.5
11.5
6.5
6.5
6.5
6.5
6.5
6.5
6.5
6.5
26
26
26
26
26
26
26
26
11.5
11.5
11.5
11.5
11.5
11.5
11.5
11.5
20.2
20.2
20.2
20.2
20.2
20.2
20.2
42.2
42.2
42.2
42.2
42.2
42.2
42.2
42.2
44.4
44.4
44.4
44.4
44.4
44.4
44.4
44.4
30.4
30.4
30.4
30.4
30.4
30.4
30.4
30.4
23.9
23.9
23.9
20.3
18.8
15.1
22.7
8.7
76
97
76
105
76
97
76
105
97
76
105
35
54.5
35
59.5
23
14.5
38
23
39
39
23
14.5
38
23
39
29.5
23
14.5
38
23
39
35
54.5
35
59.5
23
14.5
38
23
39
29.5
35
54.5
35
59.5
23
14.5
38
23
39
29.5
38
23
39
29.5
29.5
35
39
54.5
35
59.5
23
14.5
38
23
39
29.5
59.5
39
65.5
35
39
54.5
35
59.5
23
14.5
38
23
39
29.5
59.5
39
65.5
35
39
54.5
35
59.5
23
14.5
38
23
39
29.5
59.5
39
65.5
35
39
54.5
35
59.5
23
14.5
38
23
39
29.5
59.5
39
65.5
23
14.5
38
23
39
29.5
23
14.5
38
23
39
29.5
12.4
12.4
12.4
12.4
7.01
7.01
7.01
7.01
7.01
18.8
18.8
18.8
18.8
18.8
17.8
17.8
17.8
17.8
17.8
18.2
18.2
18.2
13.9
13.9
13.9
14.5
14.5
14.5
14.5
14.5
14.5
14.5
14.5
14.5
14.5
14.5
14.5
14.5
12.6
12.6
12.6
12.6
14.9
14.9
14.9
13.5
13.5
13.5
13.5
13.5
9.9
9.9
9.9
9.9
9.9
13.5
9.9
9.9
9.9
9.9
1.95
1.95
1.95
1.95
1.95
1.95
1.95
6.2
6.2
6.2
6.2
6.2
6.2
6.2
12.4
12.4
12.4
12.4
12.4
12.4
12.4
24.5
24.5
24.5
24.5
24.5
24.5
24.5
27.9
27.9
27.9
27.9
27.9
27.9
27.9
36.4
36.4
36.4
36.4
36.4
36.4
36.4
40.6
40.6
40.6
40.6
40.6
40.6
38
38
38
38
38
38
38
38
38
38
38
38
38
38
38
38
38
38
38
38
38
38
38
38
38
38
38
38
38
38
38
38
38
38
38
38
38
38
38
38
38
38
35
35
35
35
35
35
35
35
35
35
35
35
35
35
35
35
35
35
35
35
35
35
35
35
35
35
35
2
2
2
2
2
2
2
2
2
6.5
6.5
6.5
6.5
6.5
6.5
6.5
6.5
6.5
13.1
13.1
13.1
13.1
13.1
13.1
13.1
13.1
13.1
24
24
24
24
24
24
24
24
24
20
20
20
20
20
20
20
20
20
20
20
20
20
1.55
1.55
1.55
1.55
1.55
1.55
1.55
1.55
1.55
1.55
1.55
1.55
1.55
5.25
5.25
5.25
5.25
5.25
5.25
5.25
5.25
5.25
5.25
5.25
5.25
5.25
16.4
16.4
16.4
16.4
4.5
4.5
4.5
4.5
4.5
4.5
4.5
29.4
34.4
44
51
57.7
11.8
29.4
34.4
44
51
57.7
11.8
29.4
34.4
44
51
57.7
11.8
29.4
34.4
44
51
57.7
11.8
17.8
29.4
34.4
44
51
57.7
11.8
17.8
29.4
34.4
44
51
57.7
11.8
17.8
29.4
34.4
44
51
57.7
11.8
29.4
34.4
44
51
57.7
11.8
29.4
34.4
44
51
57.7
11.8
29.4
34.4
44
51
57.7
11.8
11.8
29.4
34.4
44
51
57.7
11.8
29.8
34.8
43.9
49.8
56.4
11.9
8.9
34.8
43.9
49.8
56.4
11.9
8.9
29.8
34.8
43.9
49.8
56.4
11.9
8.9
29.8
34.8
43.9
49.8
56.4
11.9
8.9
29.8
34.8
43.9
49.8
56.4
11.9
8.9
20.59
20.59
20.59
20.59
15.87
15.87
15.87
15.37
15.37
15.37
25
25
25
20.58
20.58
20.58
17.36
17.36
21.33
21.33
21.33
21.33
15.12
52.33
54.56
57.04
57.04
13.89
15.38
15.38
14.14
15.55
16.62
16.62
16.62
16.62
16.62
16.62
9.17
9.17
9.17
9.17
6.5
6.5
6.5
6.5
6.5
6.5
7.44
7.44
7.44
7.44
7.44
7.44
12.9
12.9
12.9
30.5
30.5
30.5
30.5
19.59
19.59
19.59
19.59
22.07
22.07
22.07
22.07
27
27
27
27
24.3
24.3
24.3
19.3
19.3
48
48
48
48
48
48
48
48
48
48
48
48
48
48
48
48
37.7
37.7
37.7
37.7
35
35
35
35
35
35
35
35
35
35
35
35
35
35
35
35
27
27
27
27
39
39
39
39
39
39
39
39
39
39
39
39
39
39
39
39
57
57
57
57
57
57
57
57
57
57
57
57
57
57
57
57
35
35
35
35
35
35
35
35
35
35
35
35
35
35
35
35
27
27
27
27
39
39
39
39
39
39
39
39
39
39
39
39
39
39
48
48
48
48
48
48
48
48
48
48
48
48
48
48
48
48
35
35
35
35
54.5
54.5
54.5
54.5
54.5
54.5
54.5
54.5
54.5
54.5
54.5
54.5
54.5
54.5
54.5
54.5
39.9
39.9
39.9
39.9
68.5
68.5
68.5
68.5
68.5
68.5
68.5
68.5
68.5
68.5
68.5
68.5
68.5
68.5
68.5
68.5
52.6
52.6
52.6
52.6
59.5
59.5
59.5
59.5
59.5
59.5
68.5
68.5
59.5
59.5
59.5
59.5
59.5
59.5
59.5
44
44
44
44
59.5
59.5
59.5
59.5
59.5
59.5
59.5
59.5
59.5
65.5
65.5
65.5
65.5
65.5
65.5
65.5
65.5
65.5
59.5
75
75
75
75
75
75
75
75
75
75
75
75
75
75
75
75
58
58
58
58
58
58
58
63.5
63.5
63.5
91.5
91.5
91.5
98
98
98
29.4
34.4
44
57
29.4
34.4
44
57.7
29.4
34.4
100
57
29.4
44
57
29.4
34.4
44
57
29.4
34.4
44
57.7
29.4
34.4
44
57
29.4
34.4
44
57
29.4
34.4
44
57
29.4
34.4
44
57
51
51
51
51
51
51
51
51
51
51
89.9
89.9
89.9
89.9
44
44
44
58.8
58.8
58.8
83.5
83.5
83.5
42
42
42
66.5
66.5
66.5
73
73
73
94
94
94
37.7
37.7
27
27
26
26
39.9
39.9
44
44
35
35
52.6
52.6
58
58
56.5
67
94.3
14.3
18.9
56.5
67
94.3
14.3
18.9
56.5
67
94.3
14.3
18.9
285
285
285
235
62.8
62.8
62.8
62.8
62.8
62.8
62.8
121.3
121.3
121.3
121.3
121.3
121.3
121.3
61
61
61
61
61
61
61
61
61
61
61
118
118
118
118
118
118
118
118
118
118
118
47.3
47.3
47.3
91.4
91.4
91.4
116
142
152
116
116
142
152
116
116
142
152
116
116
142
152
116
47.5
74.8
84
52.6
47.5
74.8
84
52.6
39.9
55.9
58.6
52.6
39.9
55.9
58.6
39.9
49
49
49
49
49.6
49.6
49.6
49.6
69.8
69.8
69.8
69.8
69.8
69.8
49
49
49
50
50
89
107
35
36
36
35
77
77
77
77
77
77
77
98
98
98
114
94
56
56
56
56
56
56
56
56
56
56
56
56
56
122
122
122
16.6
33
3.3
29
29
29
32.5
13
13
25
25
65
65
65
65
65
65
38.4
38.4
38.4
34
34
27
89
82
136
105
67
67
67
41.5
41.5
56
56
25.8
25.8
25.8
25.8
17.8
17.8
17.8
17.8
26
26
26
26
26
26
26
26
26
26
26
20
20
20
20
20
20
20
20
20
20
20
26
4.9
4.9
4.9
4.9
4.9
4.9
4.9
4.9
4.9
4.9
4.9
4.9
4.9
4.9
4.9
4.9
4.9
4.9
4.9
4.9
4.9
26.8
26.8
26.8
26.8
26.8
26.8
26.8
26.8
26.8
26.8
26.8
26.8
26.8
26.8
26.8
26.8
26.8
26.8
26.8
26.8
26.8
26.8
26.8
26.8
26.8
26.8
26.8
26.8
26.8
26.8
26.8
80
80
80
80
80
80
80
80
80
80
80
80
80
80
80
80
80
80
80
80
80
80
80
80
80
80
80
80
80
80
80
62.4
62.4
62.4
62.4
62.4
62.4
62.4
62.4
62.4
62.4
62.4
62.4
62.4
62.4
62.4
62.4
62.4
62.4
62.4
62.4
62.4
62.4
62.4
62.4
62.4
62.4
62.4
62.4
62.4
62.4
62.4
34.4
34.4
34.4
34.4
34.4
34.4
34.4
34.4
34.4
34.4
34.4
34.4
34.4
34.4
34.4
34.4
34.4
34.4
34.4
34.4
34.4
34.4
34.4
34.4
34.4
34.4
34.4
34.4
34.4
34.4
34.4
73
73
73
73
73
73
73
73
73
73
73
73
73
73
73
73
73
73
73
73
73
73
73
73
73
73
73
73
73
73
73
93
93
93
93
93
93
93
93
93
93
93
93
93
93
93
93
93
93
93
93
93
93
93
93
93
93
93
93
93
93
93
43.3
43.3
43.3
43.3
43.3
43.3
43.3
43.3
43.3
43.3
43.3
43.3
43.3
43.3
43.3
43.3
43.3
43.3
43.3
43.3
43.3
43.3
43.3
43.3
43.3
43.3
43.3
43.3
43.3
43.3
43.3
13.7
13.7
13.7
13.7
13.7
13.7
13.7
13.7
13.7
13.7
13.7
13.7
13.7
13.7
13.7
13.7
13.7
13.7
13.7
13.7
13.7
13.7
13.7
13.7
13.7
13.7
13.7
13.7
13.7
13.7
13.7
10.9
10.9
10.9
10.9
10.9
10.9
10.9
10.9
10.9
10.9
10.9
10.9
10.9
10.9
10.9
10.9
10.9
10.9
10.9
10.9
10.9
10.9
10.9
10.9
10.9
10.9
10.9
10.9
10.9
10.9
5.9
5.9
5.9
5.9
5.9
5.9
5.9
5.9
5.9
5.9
5.9
5.9
5.9
5.9
5.9
5.9
5.9
5.9
5.9
5.9
5.9
5.9
5.9
5.9
5.9
5.9
5.9
5.9
5.9
21
21
21
21
21
21
21
21
21
21
21
21
21
21
21
21
21
21
21
21
21
21
21
21
21
21
21
21
21
21
39.8
39.8
39.8
39.8
39.8
39.8
39.8
39.8
39.8
39.8
39.8
39.8
39.8
39.8
39.8
39.8
39.8
39.8
39.8
39.8
39.8
39.8
39.8
39.8
39.8
39.8
39.8
39.8
39.8
44
44
44
44
44
44
44
44
44
44
44
44
44
44
44
44
44
44
44
44
44
44
44
44
44
44
44
44
44
44
29
29
29
29
29
29
29
29
29
29
29
29
29
29
29
29
29
29
29
29
29
29
29
29
29
29
29
29
29
29
4.9
4.9
4.9
4.9
4.9
4.9
4.9
4.9
4.9
37.4
44
56.9
66
74.7
22
37.4
44
56.9
66
74.7
22
37.4
44
56.9
66
74.7
22
37.4
44
56.9
66
74.7
22
37.4
44
56.9
66
74.7
22
37.4
44
56.9
66
74.7
22
37.4
44
56.9
66
74.7
22
37.4
44
56.9
66
74.7
22
37.4
44
56.9
66
74.7
22
23.2
45
25
18
28
28
52
66
56.5
67
56.5
67
56.5
67
8.8
34
29.6
37
50
23.2
23.2
23.2
23.2
23.2
23.2
23.2
23.2
23.2
23.2
23.2
23.2
23.2
23.2
23.2
23.2
23.2
23.2
23.2
23.2
23.2
23.2
23.2
23.2
23.2
23.2
23.2
23.2
23.2
23.2
17.5
17.5
17.5
17.5
17.5
17.5
17.5
17.5
17.5
17.5
17.5
17.5
17.5
17.5
17.5
17.5
17.5
17.5
17.5
17.5
17.5
17.5
17.5
17.5
17.5
17.5
17.5
17.5
17.5
17.5
17.5
17.5
17.5
17.5
17.5
17.5
17.5
17.5
46
46
46
46
46
32.8
32.8
32.8
32.8
32.8
58.5
99
99
58.5
58.5
62
62
62
62
62
62
62
62
62
62
62
98
98
98
98
98
98
98
98
98
98
32.5
32.5
32.5
32.5
26.6
26.6
26.6
26.6
26.6
26.6
26.6
37.5
37.5
37.5
37.5
37.5
37.5
37.5
48.5
48.5
48.5
48.5
48.5
48.5
48.5
79.5
36
227
227
227
225
225
122
122
122
120
120
85
57.7
57.7
57.7
57.7
48
13.1
16.6
20
48
13.1
16.6
20
48
13.1
16.6
20
38
82
82
82
63
63
56.99
89
89
56
45
89
107
49
35
89
50
50
50
50
50
22
22
22
22
22
78
78
72
119
119
119
56
49
49
49
49
49
49
54
54
54
54
54
54
54
54
53
53
53
53
34
34
34
34
34
35
35
35
35
34
36
36
36
36
36
15.5
15.5
15.5
15.5
15.5
35
35
35
35
35
35
49
35
35
35
35
35
35
38
38
38
45.5
45.5
54
54
53
38
34
34
40
40
40
40
40
39
40
39
39
39
39
39
39
114
77
78
78
29
29
29
29
97
116
136
116
78
82
82
82
82
82
82
82
82
82
82
82
63
63
63
63
63
63
63
63
63
63
63
63
63
63
3.3
9
9
9
9
9
27
27
27
19.9
19.9
19.9
27
27
27
27
27
24
24
31
27
27
27
27
31
31
21
21
30
30
33
33
33
33
33
33
33
33
3.3
3.3
3.3
3.3
3.3
3.3
10
10
10
10
10
10
10
10
10
8
8
8
8
8
8
8
8
22.5
22.5
22.5
22.5
22.5
22.5
22.5
22.5
32.5
32.5
32.5
32.5
32.5
32.5
32.5
32.5
89
89
89
89
45
45
45
45
63
63
63
63
25
13
26
35
43
58
43
58
49
112
112
112
112
112
112
112
112
112
112
65
65
65
65
65
65
65
65
65
65
65
65
65
65
65
65
65
65
65
65
65
65
43
43
43
65
65
65
65
65
76
76
76
43
43
43
43
43
43
43
65
65
65
65
65
65
65
76
76
76
76
76
76
76
65
65
65
65
65
65
164
79.5
79.5
79.5
79
79
79
79
79
79
164
164
164
164
55.7
112
112
65
65
65
65
65
65
65
65
65
65
109
89
99
99
39
39
39
39
49
49
49
49
49
49
59
59
39
39
39
39
49
49
49
49
45
132
132
149
149
149
55.7
73.9
45
45
45
45
45
45
45
45
45
45
45
45
45
45
45
45
45
32
32
28
28
28
28
28
28
28
28
28
29
29
29
29
29
29
29
29
29
29
29
29
29
95
95
95
149
149
95
149
66
66
66
66
66
66
66
66
66
66
66
66
66
66
66
59
59
59
49
49
49
49
49
49
49
49
49
49
49
49
49
49
49
42
42
42
62
62
62
62
62
62
62
62
62
62
62
62
62
62
62
59.8
59.8
59.8
46
46
46
46
46
46
46
46
46
46
46
46
46
46
46
45
45
45
65
0
32.3
32.3
32.3
32.3
32.3
32.3
32.3
32.3
32.3
32.3
32.3
44.2
44.2
44.2
44.2
44.2
44.2
44.2
44.2
44.2
44.2
44.2
69.7
69.7
69.7
69.7
69.7
69.7
69.7
69.7
69.7
69.7
69.7
80.75
80.75
80.75
80.75
80.75
80.75
80.75
80.75
80.75
80.75
80.75
62.05
62.05
62.05
62.05
62.05
62.05
62.05
62.05
62.05
62.05
62.05
52.07
52.07
52.07
52.07
52.07
52.07
52.07
52.07
52.07
52.07
52.07
39.1
39.1
39.1
39.1
39.1
39.1
39.1
39.1
39.1
39.1
39.1
52.7
52.7
52.7
52.7
52.7
52.7
52.7
52.7
52.7
52.7
52.7
9.78
9.78
9.78
9.78
9.78
9.78
9.78
9.78
5.53
5.53
5.53
5.53
5.53
5.53
5.53
5.53
22.1
22.1
22.1
22.1
22.1
22.1
22.1
22.1
9.78
9.78
9.78
9.78
9.78
9.78
9.78
9.78
17.17
17.17
17.17
17.17
17.17
17.17
17.17
36.04
36.04
36.04
36.04
36.04
36.04
36.04
36.04
37.74
37.74
37.74
37.74
37.74
37.74
37.74
37.74
25.84
25.84
25.84
25.84
25.84
25.84
25.84
25.84
20.32
20.32
20.32
17.26
15.98
12.84
19.3
7.4
64.6
82.45
64.6
89.25
64.6
82.45
64.6
89.25
82.4
64.6
89.25
29.75
46.3
29.75
50.5
19.55
12.3
32.3
19.55
33.15
33.15
19.55
12.3
32.3
19.55
33.15
25.07
19.55
12.3
32.3
19.55
33.15
29.75
46.3
29.75
50.5
19.55
12.3
32.3
19.55
33.15
25.07
29.75
46.3
29.75
50.5
19.55
12.3
32.3
19.55
33.15
25.07
32.3
19.55
33.15
25.07
25.07
29.75
33.15
46.3
29.75
50.5
19.55
12.3
32.3
19.55
33.15
25.07
50.5
33.1
55.6
29.75
33.15
46.3
29.75
50.5
19.55
12.3
32.3
19.55
33.15
25.07
50.5
33.1
55.6
29.75
33.15
46.3
29.75
50.5
19.55
12.3
32.3
19.55
33.15
25.07
50.5
33.1
55.6
29.75
33.15
46.3
29.75
50.5
19.55
12.3
32.3
19.55
33.15
25.07
50.5
33.1
55.6
19.55
12.3
32.3
19.55
33.15
25.07
19.55
12.3
32.3
19.55
33.15
25.07
10.54
10.54
10.54
10.54
6.04
6.04
6.04
6.04
6.04
15.98
15.98
15.98
15.98
15.98
15.13
15.13
15.13
15.13
15.13
15.47
15.47
15.47
11.82
11.82
11.82
12.33
12.33
12.33
12.33
12.33
12.33
12.33
12.33
12.33
12.33
12.33
12.33
12.33
10.71
10.71
10.71
10.71
12.6
12.6
12.6
9.18
9.18
9.18
9.18
9.18
8.42
8.42
8.42
8.42
8.42
9.18
8.42
8.42
8.42
8.42
1.66
1.66
1.66
1.66
1.66
1.66
1.66
5.27
5.27
5.27
5.27
5.27
5.27
5.27
10.54
10.54
10.54
10.54
10.54
10.54
10.54
20.83
20.83
20.83
20.83
20.83
20.83
20.83
23.71
23.71
23.71
23.71
23.71
23.71
23.71
30.94
30.94
30.94
30.94
30.94
30.94
30.94
34.51
34.51
34.51
34.51
34.51
34.51
32.3
32.3
32.3
32.3
32.3
32.3
32.3
32.3
32.3
32.3
32.3
32.3
32.3
32.3
32.3
32.3
32.3
32.3
32.3
32.3
32.3
32.3
32.3
32.3
32.3
32.3
32.3
32.3
32.3
32.3
32.3
32.3
32.3
32.3
32.3
32.3
32.3
32.3
32.3
32.3
32.3
32.3
22.75
22.75
22.75
22.75
22.75
22.75
22.75
22.75
22.75
22.75
22.75
22.75
22.75
22.75
22.75
22.75
22.75
22.75
22.75
22.75
22.75
22.75
22.75
22.75
22.75
22.75
22.75
1.7
1.7
1.7
1.7
1.7
1.7
1.7
1.7
1.7
5.53
5.53
5.53
5.53
5.53
5.53
5.53
5.53
5.53
11.14
11.14
11.14
11.14
11.14
11.14
11.14
11.14
11.14
20.4
20.4
20.4
20.4
20.4
20.4
20.4
20.4
20.4
17
17
17
17
17
17
17
17
17
17
17
17
17
1.31
1.31
1.31
1.31
1.31
1.31
1.31
1.31
1.31
1.31
1.31
1.31
1.31
4.46
4.46
4.46
4.46
4.46
4.46
4.46
4.46
4.46
4.46
4.46
4.46
4.46
12.3
12.3
12.3
12.3
3.83
3.83
3.83
3.83
3.83
3.83
3.83
24.99
29.24
37.4
43.35
49.05
10.03
24.99
29.24
37.4
43.35
49.05
10.03
24.99
29.24
37.4
43.35
49.05
10.03
24.99
29.24
37.4
43.35
49.05
10.03
15.13
24.99
29.24
37.4
43.35
49.05
10.03
15.13
24.99
29.24
37.4
43.35
49.05
10.03
15.13
24.99
29.24
37.4
43.35
49.05
10.03
24.99
29.24
37.4
43.35
49.05
10.03
24.99
29.24
37.4
43.35
49.05
10.03
24.99
29.24
37.4
43.35
49.05
10.03
10.3
24.99
29.24
37.4
43.35
49.05
10.3
25.33
29.58
37.31
42.33
47.94
10.12
7.56
29.58
37.31
42.33
47.94
10.12
7.56
25.33
29.58
37.31
42.33
47.94
10.12
7.56
25.33
29.58
37.31
42.33
47.94
10.12
7.56
25.33
29.58
37.31
42.33
47.94
10.12
7.56
15.8
15.8
15.8
15.8
12.2
12.2
12.2
11.8
11.8
11.8
19.2
19.2
19.2
15.8
15.8
15.8
13.3
13.3
16.3
16.3
16.3
16.3
11.6
40.1
41.8
43.7
43.7
10.6
11.8
11.8
10.83
11.59
12.73
12.73
12.73
12.73
12.73
12.73
7.6
7.6
7.6
7.6
4.8
4.8
4.8
4.8
4.8
4.8
5.7
5.7
5.7
5.7
5.7
5.7
9.9
9.9
9.9
23.4
23.4
23.4
23.4
15
15
15
15
16.9
16.9
16.9
16.9
20.7
20.7
20.7
20.7
18.62
18.62
18.62
14.8
14.8
40.8
40.8
40.8
40.8
40.8
40.8
40.8
40.8
40.8
40.8
40.8
40.8
40.8
40.8
40.8
40.8
32.05
32.05
32.05
32.05
29.75
29.75
29.75
29.75
29.75
29.75
29.75
29.75
29.75
29.75
29.75
29.75
29.75
29.75
29.75
29.75
22.95
22.95
22.95
22.95
33.15
33.15
33.15
33.15
33.15
33.15
33.15
33.15
33.15
33.15
33.15
33.15
33.15
33.15
33.15
33.15
48.45
48.45
48.45
48.45
48.45
48.45
48.45
48.45
48.45
48.45
48.45
48.45
48.45
48.45
48.45
48.45
29.75
29.75
29.75
29.75
29.75
29.75
29.75
29.75
29.75
29.75
29.75
29.75
29.75
29.75
29.75
29.75
22.1
22.1
22.1
22.1
33.15
33.15
33.15
33.15
33.15
33.15
33.15
33.15
33.15
33.15
33.15
33.15
33.15
33.15
40.8
40.8
40.8
40.8
40.8
40.8
40.8
40.8
40.8
40.8
40.8
40.8
40.8
40.8
40.8
40.8
29.75
29.75
29.75
29.75
46.32
46.32
46.32
46.32
46.32
46.32
46.32
46.32
46.32
46.32
46.32
46.32
46.32
46.32
46.32
46.32
33.91
33.91
33.91
33.91
58.22
58.22
58.22
58.22
58.22
58.22
58.22
58.22
58.22
58.22
58.22
58.22
58.22
58.22
58.22
58.22
44.7
44.7
44.7
44.7
50.57
50.57
50.57
50.57
50.57
50.57
50.57
50.57
50.57
50.57
50.57
50.57
50.57
50.57
50.57
37.4
37.4
37.4
37.4
50.57
50.57
50.57
50.57
50.57
50.57
50.57
50.57
50.57
55.67
55.67
55.67
55.67
55.67
55.67
55.67
55.67
55.67
50.57
63.75
63.75
63.75
63.75
63.75
63.75
63.75
63.75
63.75
63.75
63.75
63.75
63.75
63.75
63.75
63.75
49.3
49.3
49.3
49.3
49.3
49.3
49.3
53.9
53.9
53.9
77.77
77.77
77.77
83.3
83.3
83.3
24.99
29.24
37.4
49.4
24.99
29.24
37.4
49.04
24.9
29.24
90
49.04
24.4
29.44
49.04
24.4
29.44
37.4
49.04
24.4
29.44
37.4
49.04
24.4
29.44
37.4
49.04
24.4
29.44
37.4
49.04
24.4
29.44
37.4
49.04
24.4
29.44
37.4
49.04
43.35
43.35
43.35
43.35
43.35
43.35
43.35
43.35
43.35
43.35
53.94
53.94
53.94
53.94
37.4
37.4
37.4
49.98
49.98
49.98
70.97
70.97
70.97
35.7
35.7
35.7
56.52
56.52
56.52
62.05
62.05
62.05
79.9
79.9
79.9
32.04
32.04
22.95
22.95
22.1
22.1
33.91
33.91
37.4
37.4
29.75
29.75
44.71
44.71
49.3
49.3
48.03
56.95
80.16
12.16
16.06
48.03
56.95
80.16
12.16
16.06
48.03
56.95
80.16
12.16
16.06
242.25
242.25
242.05
199.75
53.38
53.38
53.38
53.38
53.38
53.38
53.38
103.11
103.11
103.11
103.11
103.11
103.11
103.11
51.85
51.85
51.85
51.85
51.85
51.85
51.85
51.85
51.85
51.85
51.85
100.3
100.3
100.3
100.3
100.3
100.3
100.3
100.3
100.3
100.3
100.3
40.21
40.21
40.21
77.69
77.69
77.69
98.6
120.7
129.2
98.6
98.6
120.7
129.2
98.6
98.6
120.7
129.2
98.6
98.6
120.7
129.2
98.6
40.38
65.38
71.4
44.71
40.38
65.38
71.4
44.71
33.92
47.52
49.81
44.71
33.92
47.52
49.81
33.92
39.2
39.2
39.2
39.2
42.16
42.16
42.16
42.16
59.33
59.33
59.33
59.33
59.33
59.33
34.3
34.3
34.3
35
35
71.2
85.6
24.5
25.2
25.2
24.5
69.3
69.3
69.3
69.3
69.3
69.3
69.3
68.6
68.6
68.6
79.8
84.6
50.4
50.4
50.4
50.4
50.4
50.4
50.4
50.4
50.4
50.4
50.4
50.4
50.4
109.8
109.8
109.8
14.1
23.1
2.97
26.1
26.1
26.1
29.25
11.7
11.7
22.5
22.5
52
52
52
52
52
52
30.72
30.72
30.72
27.2
27.2
21.6
71.2
57.4
108.8
73.5
44.1
44.1
44.1
33.2
33.2
44.8
44.8
20.64
20.64
20.64
20.64
14.24
14.24
14.24
14.24
22.1
22.1
22.1
22.1
22.1
22.1
22.1
22.1
22.1
22.1
22.1
17
17
17
17
17
17
17
17
17
17
17
23.4
4.17
4.17
4.17
4.17
4.17
4.17
4.17
4.17
4.17
4.17
4.17
4.17
4.17
4.17
4.17
4.17
4.17
4.17
4.17
4.17
4.17
22.78
22.78
22.78
22.78
22.78
22.78
22.78
22.78
22.78
22.78
22.78
22.78
22.78
22.78
22.78
22.78
22.78
22.78
22.78
22.78
22.78
22.78
22.78
22.78
22.78
22.78
22.78
22.78
22.78
22.78
22.78
68
68
68
68
68
68
68
68
68
68
68
68
68
68
68
68
68
68
68
68
68
68
68
68
68
68
68
68
68
68
68
53.04
53.04
53.04
53.04
53.04
53.04
53.04
53.04
53.04
53.04
53.04
53.04
53.04
53.04
53.04
53.04
53.04
53.04
53.04
53.04
53.04
53.04
53.04
53.04
53.04
53.04
53.04
53.04
53.04
53.04
53.04
29.24
29.24
29.24
29.24
29.24
29.24
29.24
29.24
29.24
29.24
29.24
29.24
29.24
29.24
29.24
29.24
29.24
29.24
29.24
29.24
29.24
29.24
29.24
29.24
29.24
29.24
29.24
29.24
29.24
29.24
29.24
62.05
62.05
62.05
62.05
62.05
62.05
62.05
62.05
62.05
62.05
62.05
62.05
62.05
62.05
62.05
62.05
62.05
62.05
62.05
62.05
62.05
62.05
62.05
62.05
62.05
62.05
62.05
62.05
62.05
62.05
62.05
79.05
79.05
79.05
79.05
79.05
79.05
79.05
79.05
79.05
79.05
79.05
79.05
79.05
79.05
79.05
79.05
79.05
79.05
79.05
79.05
79.05
79.05
79.05
79.05
79.05
79.05
79.05
79.05
79.05
79.05
79.05
36.81
36.81
36.81
36.81
36.81
36.81
36.81
36.81
36.81
36.81
36.81
36.81
36.81
36.81
36.81
36.81
36.81
36.81
36.81
36.81
36.81
36.81
36.81
36.81
36.81
36.81
36.81
36.81
36.81
36.81
36.81
11.65
11.65
11.65
11.65
11.65
11.65
11.65
11.65
11.65
11.65
11.65
11.65
11.65
11.65
11.65
11.65
11.65
11.65
11.65
11.65
11.65
11.65
11.65
11.65
11.65
11.65
11.65
11.65
11.65
11.65
11.65
9.27
9.27
9.27
9.27
9.27
9.27
9.27
9.27
9.27
9.27
9.27
9.27
9.27
9.27
9.27
9.27
9.27
9.27
9.27
9.27
9.27
9.27
9.27
9.27
9.27
9.27
9.27
9.27
9.27
9.27
5.02
5.02
5.02
5.02
5.02
5.02
5.02
5.02
5.02
5.02
5.02
5.02
5.02
5.02
5.02
5.02
5.02
5.02
5.02
5.02
5.02
5.02
5.02
5.02
5.02
5.02
5.02
5.02
5.02
17.85
17.85
17.85
17.85
17.85
17.85
17.85
17.85
17.85
17.85
17.85
17.85
17.85
17.85
17.85
17.85
17.85
17.85
17.85
17.85
17.85
17.85
17.85
17.85
17.85
17.85
17.85
17.85
17.85
17.85
33.83
33.83
33.83
33.83
33.83
33.83
33.83
33.83
33.83
33.83
33.83
33.83
33.83
33.83
33.83
33.83
33.83
33.83
33.83
33.83
33.83
33.83
33.83
33.83
33.83
33.83
33.83
33.83
33.83
37.4
37.4
37.4
37.4
37.4
37.4
37.4
37.4
37.4
37.4
37.4
37.4
37.4
37.4
37.4
37.4
37.4
37.4
37.4
37.4
37.4
37.4
37.4
37.4
37.4
37.4
37.4
37.4
37.4
37.4
24.65
24.65
24.65
24.65
24.65
24.65
24.65
24.65
24.65
24.65
24.65
24.65
24.65
24.65
24.65
24.65
24.65
24.65
24.65
24.65
24.65
24.65
24.65
24.65
24.65
24.65
24.65
24.65
24.65
24.65
4.17
4.17
4.17
4.17
4.17
4.17
4.17
4.17
4.17
31.79
37.4
48.11
56.1
63.49
18.7
31.79
37.4
48.11
56.1
63.49
18.7
31.79
37.4
48.11
56.1
63.49
18.7
31.79
37.04
48.11
56.1
63.49
18.7
31.79
37.04
48.11
56.1
63.49
18.7
31.79
37.4
48.11
56.1
63.49
18.7
31.79
37.4
48.11
56.1
63.49
18.7
31.79
37.4
48.11
56.1
63.49
18.7
31.79
37.4
48.11
56.1
63.49
18.7
19.72
38.25
21.25
15.3
23.8
23.8
44.2
56.1
48.03
56.95
48.03
56.95
48.03
56.95
7.48
28.9
25.42
31.45
42.5
19.72
19.72
19.72
19.72
19.72
19.72
19.72
19.72
19.72
19.72
19.72
19.72
19.72
19.72
19.72
19.72
19.72
19.72
19.72
19.72
19.72
19.72
19.72
19.72
19.72
19.72
19.72
19.72
19.72
19.72
14.88
14.88
14.88
14.88
14.88
14.88
14.88
14.88
14.88
14.88
14.88
14.88
14.88
14.88
14.88
14.88
14.88
14.88
14.88
14.88
14.88
14.88
14.88
14.88
14.88
14.88
14.88
14.88
14.88
14.88
14.88
14.88
14.88
14.88
14.88
14.88
14.88
14.88
39.1
39.1
39.1
39.1
39.1
27.88
27.88
27.88
27.88
27.88
49.73
69.3
69.3
49.73
49.73
52.7
52.7
52.7
52.7
52.7
52.7
52.7
52.7
52.7
52.7
52.7
83.3
83.3
83.3
83.3
83.3
83.3
83.3
83.3
83.3
83.3
26
26
26
26
21.28
21.28
21.28
21.28
21.28
21.28
21.28
30
30
30
30
30
30
30
38.8
38.8
38.8
38.8
38.8
38.8
38.8
63.6
32.4
181.6
181.6
181.6
142.3
142.3
97.6
97.6
97.6
87.3
87.3
68
49.04
49.04
49.04
49.04
40.8
11.13
14.1
17
40.8
11.13
14.1
17
40.8
11.13
14.1
17
34.2
73.8
73.8
73.8
56.7
56.7
39.89
62.3
62.3
44.8
40.5
62.3
85.6
34.3
24.5
62.3
45
45
45
45
45
17.2
17.2
17.2
17.2
17.2
54.6
54.6
64.8
107.1
107.1
107.1
44.8
34.3
44.1
44.1
44.1
44.1
44.1
48.6
48.6
48.6
48.6
48.6
48.6
48.6
48.6
47.7
47.7
47.7
47.7
27.2
27.2
27.2
27.2
27.2
31.5
31.5
31.5
24.5
27.2
32.4
32.4
32.4
32.4
32.4
13.95
13.95
13.95
13.95
13.95
24.5
31.5
31.5
31.5
31.5
31.5
44.1
31.5
31.5
31.5
31.5
31.5
31.5
34.2
34.2
34.2
40.95
40.95
48.6
48.6
47.7
26.6
30.6
30.6
36
36
36
36
36
35.1
36
35.1
35.1
35.1
35.1
35.1
35.1
79.8
69.3
54.6
54.6
26.1
26.1
26.1
26.1
60.9
81.2
108.8
81.2
54.6
73.8
73.8
73.8
73.8
73.8
73.8
73.8
73.8
73.8
73.8
57.4
56.7
56.7
56.7
56.7
56.7
56.7
56.7
56.7
56.7
56.7
56.7
56.7
56.7
56.7
2.97
8.1
8.1
8.1
8.1
8.1
21.6
21.6
21.6
17.91
17.91
17.91
21.6
21.6
21.6
21.6
21.6
19.2
19.2
21.7
24.3
24.3
21.6
21.6
21.7
21.7
18.9
18.9
21
21
23.1
23.1
23.1
23.1
23.1
23.1
23.1
23.1
2.97
2.97
2.97
2.97
2.97
2.97
9
9
9
9
9
9
9
9
9
7.2
7.2
7.2
7.2
7.2
7.2
7.2
7.2
20.25
20.25
20.25
20.25
20.25
20.25
20.25
20.25
29.25
29.25
29.25
29.25
29.25
29.25
29.25
29.25
71.2
71.2
71.2
71.2
36
36
36
36
50.4
50.4
50.4
50.4
22.5
11.7
23.4
31.5
38.7
52.2
38.7
52.2
44.1
100.8
100.8
100.8
100.8
100.8
100.8
100.8
100.8
100.8
100.8
58.5
39
39
39
39
39
39
39
39
58.5
58.5
58.5
52
39
39
58.5
58.5
52
52
58.5
58.5
52
38.7
38.7
38.7
58.5
58.5
58.5
58.5
58.5
68.5
68.5
68.5
38.7
38.7
38.7
38.7
38.7
38.7
38.7
58.5
58.5
58.5
58.5
58.5
58.5
58.5
68.5
68.5
68.5
68.5
68.5
68.5
68.5
58.5
58.5
58.5
58.5
58.5
58.5
147.6
63.6
63.6
63.6
71.1
71.1
71.1
71.1
71.1
71.1
147.6
147.6
147.6
147.6
47.35
100.8
100.8
58.5
58.5
58.5
58.5
58.5
58.5
58.5
58.5
58.5
58.5
98.1
80.1
89.1
89.1
31.2
31.2
31.2
31.2
39.2
39.2
39.2
39.2
39.2
39.2
47.2
47.2
23.4
23.4
23.4
23.4
29.4
29.4
29.4
29.4
40.5
118.8
118.8
134.1
134.1
134.1
47.35
62.82
39.5
31.5
31.5
39.5
39.5
39.5
31.5
39.5
39.5
39.5
39.5
39.5
39.5
39.5
39.5
39.5
39.5
22.4
22.4
25.2
25.2
25.2
25.2
25.2
25.2
25.2
25.2
25.2
23.2
23.2
23.2
23.2
23.2
23.2
23.2
23.2
23.2
23.2
23.2
23.2
23.2
66.5
66.5
66.5
104.3
104.3
66.5
104.3
47.5
56.1
56.1
56.1
56.1
56.1
56.1
56.1
56.1
56.1
56.1
56.1
56.1
56.1
56.1
50.15
50.15
50.15
34.3
41.65
41.65
41.65
41.65
41.65
41.65
41.65
41.65
41.65
41.65
41.65
41.65
41.65
41.65
35.7
35.7
35.7
52.7
52.7
52.7
52.7
52.7
52.7
52.7
52.7
52.7
52.7
52.7
52.7
52.7
52.7
52.7
50.83
50.83
50.83
39.1
39.1
39.1
39.1
39.1
39.1
39.1
39.1
39.1
39.1
39.1
39.1
39.1
39.1
39.1
38.25
38.25
38.25
52
0
1110009021804
1110009021803
1110009021801
1110009021800
1110009021802
1110009222002
1110009222004
1110009222003
1110009222000
1110009222001
1118086212001
1118086212002
1118086212003
1118086212004
1118086212000
1118086212005
000000190014
000000190015
000000190016
1114086219008
1114086219006
1114086219009
1114086219007
1114030120000
1114030120001
1114030120010
1114030120011
1114086219016
1114086219014
1114086219015
1114086219017
1114030120002
1114030120003
1114030120004
1114086119038
1114086119037
1114086119035
1114086219020
1114086219018
1114086219019
1114086219021
1114030120006
1114030120007
1114030217001
1114086119045
1114086119056
1114086119054
1114086119060
1114086219011
1114086219010
1114086219012
1114086219013
1114030119005
1114030119003
1114030119006
1114030119004
1114030120008
1114030120009
1114086120043
1114086120042
1114086120040
1114086120044
1114086120038
1114086120041
1114086120039
1114086120037
1114030117002
1114030120012
1113086120006
1113086120007
1113086120005
1113086120004
1113086120000
1113086120001
1113086120002
1113086120003
1113092219001
1113092219002
1113092118001
1113092118000
1113092219000
1113092219003
1113086219007
1113086219004
1113086219005
1113086219006
1113090219018
1113090219016
1113090219011
1113090219012
1113351120011
1113351120015
1113351120010
1113351120014
1113351120008
1113351120013
1113351120009
1113351120012
1113092120000
1113092120005
1113092120010
1113092120001
1113092120006
1113092120011
1113092120002
1113092120007
1113092120012
1113092120003
1113092120008
1113092120013
1113092120004
1113092120009
1113092120014
1113034119012
1113034220013
1113034119011
1113034220012
1113034220011
1113034220008
1113086216004
1113086216003
1113086218006
1113086218007
1113351120016
1113351120018
1113351120017
1113351120019
1113086220002
1113086220009
1113086220001
1113086220008
1113086220004
1113086220011
1113086220003
1113086220010
1113086220000
1113086220007
1113086220005
1113086220012
1113086220006
1113086220013
1113086118005
1113086118011
1113086118001
1113086118007
1113086118000
1113086118006
1113086118008
1113086118002
1113086118004
1113086118010
1113086118003
1113086118009
1113090219003
1113034119010
1113034220002
1113090219000
1113090219007
1113034119001
1113034119009
1113034220004
1113090219002
1113090219008
1113034220007
1113034119002
1113034119008
1113034220003
1113090219005
1113090219009
1113034119004
1113034220001
1113090219006
1113034119007
1113034220006
1113090219004
1113090219001
1113034119005
1113034220005
1113034119000
1113034119006
1113086216012
1113351120022
1113351120021
1113351120024
1113351120023
1113351120020
1113351120001
1113351120005
1113351120000
1113351120004
1113351120003
1113351120007
1113351120002
1113351120006
1113086219015
1113086219016
1113086219021
1113086219019
1128086120000
1128086120002
1128086120001
1128086120004
1128086120005
1128086120003
1128030120003
1128030120009
1128030120000
1128030120006
1128030120001
1128030120007
1128030120002
1128030120008
1152030118003
1152030118004
1152030118005
1152030219006
1128030217001
1128030217011
1128030217012
1128030217010
1128030217000
1128030217009
1152030219001
1152030219003
1152030118008
1152030118009
1152030118010
1128086119001
1128030218000
1128030218007
1128030218001
1128030218008
1128030218002
1128030218009
1128030218003
1128030218010
1128030217006
1128030217013
1128030217008
1128030217014
1128030217007
1128030217015
1128030217004
1128030217016
1128030217005
1128030217017
1152030219005
1128030120004
1128030120010
1128030120005
1128030120011
1128030218004
1128030218011
1128030218005
1128030218012
1128030218006
1128030218013
1128030119000
1128030119002
1128030119003
1128030119001
1128030216003
1128030216013
1128030216004
1128030216014
1128030220000
1128030220003
1128030220001
1128030220004
1128030220002
1128030220005
1115030217002
1116030220006
1116030220004
1116030220005
1116030220000
1116030220001
1116030220003
1116030220007
1116030220002
1116030220009
1116030120005
1116030120004
1116030120003
1116030120002
1116030120007
1116030120006
1116030120008
1116030219002
1116030219001
1116030219003
1116030219014
1116086219000
1116086219004
1116086219008
1116086219001
1116086219005
1116086219009
1116086219002
1116086219006
1116086219010
1116086219011
1116086219003
1116086219007
1116086119003
1116086119002
1116086119001
1116086119000
1115030116002
1116030113013
1116030113010
1116030113008
1116030218018
1116030113006
1116030113009
1116030113012
000000131828
1116351120007
1116351120006
1116351120004
1116351120005
1115030116001
1115086213000
1115086213002
1116030219007
1116030219008
1116351120008
1116351120009
1116030219009
1116030219010
1116086220009
1116086220008
1116086220011
1116086220010
1116086220007
1116086220012
1116086220013
1116086120001
1116086217007
1116086217008
1116086217005
1116086217002
1116086217003
1116086217006
1116086217001
1116086217004
1116086120000
1116086217000
1115086220000
1116030219011
1115030116000
1116351120012
1116351120011
1116351120014
1116351120013
1116351120010
1116351120001
1116351120000
1116351120003
1116351120002
1116086219012
1116086219013
1116086219014
1116086219016
1116086219015
1116086219017
1115086110001
1115086110000
1116086220006
1116086220004
1116086220005
1116086220003
1116086220001
1116086220002
1116086220000
1115030116003
1116030214000
1116030217018
1116030113005
000000130044
1115030218003
4000001156002
1117030120000
1117030120001
1117030120010
1117030120011
1117030120002
1117030120003
1117030120004
1117030220007
1117030120006
1117030120007
1117030220008
1117030220009
1117030220010
1117092120001
1117092120002
1117092219003
1117092119007
1117092219002
1117092119002
1117092119005
1117092119000
1117092119006
1117092119003
1117092119004
1117092119009
1117030220011
1117030220012
1117092120000
1117092119012
1117092119010
1117092119014
1117092119015
1117092119011
1117030220018
1117030220019
1117030220017
1117030220015
1117030120008
1117030120009
1117030120012
1117030220013
1117030220014
1131092219042
1131092219041
1131092219046
1131092219045
1131092219044
1131092219023
1131092219022
1131092219021
1131092219005
1131092219006
1131092118001
1131092118002
1131092118000
1131092219000
1131092219007
1131092110025
1131092110024
1131092110026
1131092110016
1131092110015
1131092110017
1131092115001
1131092115000
1131092115002
1131092119001
1131092119000
1131092119003
1131092119002
1131092119004
1131092116001
1131092116000
1131092116002
1131092115004
1131092115003
1131092115005
1131092119006
1131092119005
1131092119007
1131092216007
1131092216006
1131092216008
1131092116010
1131092116009
1131092116011
1131092110006
1131092110007
1131092110008
1131092219049
1131092219050
1131090219005
1131090219004
1131090219006
1131090219014
1131090219013
1131090219015
1131090219008
1131090219007
1131090219009
1131090219011
1131090219010
1131090219012
1131090219017
1131090219016
1131090219018
1131092219008
1131092219009
1131092219010
1131090212024
1131090212011
1131090212010
1131090212009
1131090114004
1131090114003
1131090114005
1131090117001
1131090117000
1131090117002
1131090114009
1131090114008
1131090114007
1131090114006
1131090212000
1131090212001
1131090212021
1131090212002
1131090117004
1131090117003
1131090117005
1131090117006
1131090212003
1131090212004
1131090212005
1131090212022
1131090212013
1131090212012
1131090212014
1131090212007
1131090212006
1131090212008
1131090212023
1131090212027
1131090212017
1131090212016
1131090212015
1131092219025
1131092219039
1131092219038
1131092219036
1131092219011
1131092219012
1131092219013
1131090215002
1131090215001
1131090215000
1131090214005
1131090214004
1131090214003
1131090214002
1131090214001
1131090214000
1131090214011
1131090214010
1131090214009
1131090214008
1131090214007
1131090214006
1131090215005
1131090215004
1131090215003
1131092219030
1131092219031
1131090217004
1131090217003
1131090217005
1131090217001
1131090217000
1131090217002
1131090217007
1131090217006
1131090217008
1131090217017
1131090217016
1131090217015
1131090217010
1131090217009
1131090217011
1131090217013
1131090217012
1131090217014
1131092219014
1131092219015
1131092219016
1131092219034
1131092213028
1131092213029
1131092213024
1131092213025
1131092213026
1131092213027
1131092213039
1131092213040
1131092213035
1131092213036
1131092213037
1131092213038
1131092115010
1131092115012
1131092115013
1131092115008
1131092115009
1131092115011
1131092216017
1131092216018
1131092216013
1131092216014
1131092216015
1131092216016
1131092219003
1131092219004
1131092219001
1131092219002
1131092213022
1131092213023
1131092213018
1131092213019
1131092213020
1131092213021
1111086220011
1111086220004
1111086220010
1111086220005
1111086220009
1111086220003
1111086220006
1111086220000
1111086220007
1111086220001
1111086220008
1111086220002
1111086218031
1111030219016
1111030219015
000000700022
1111086118000
1111086219029
1111086219031
1111086219022
1111086219028
1111086219027
1111086219030
1111086219026
1111086219032
1111086219056
1111086219054
1111086219055
1111086219057
1114086219005
1111030219009
1111030219014
1111030219013
1111030219022
1111030219021
1111030219023
1111030219010
4000001116000
4000001116001
1111030220000
1111086219037
1111086219038
1111086219039
1111086218037
1111086218039
1111086219033
1111030219003
1111030219002
1111086219046
1111086219040
1111086219047
1111086219041
1111086219048
1111086219042
1111086219049
1111086219043
1111086219050
1111086219044
1111086219051
1111086219045
1111086219017
1111086219016
1111086219018
1111086219019
1111086219015
1111086218036
1111086219012
1111086219014
1111086219007
1111086219010
1111086219011
1111086219008
1111086219009
1111030218001
1111086220026
1111086220032
1111086220029
1111086220035
1111086220028
1111086220034
1111086220031
1111086220037
1111086220027
1111086220033
1111086220030
1111086220036
1111030219020
1111086213018
1111086213019
1111086213016
1111086213017
1111086213029
1111086213030
1111030219011
1111030220001
000000700033
000000700032
1111030219000
1111030220006
1111030219001
1111030220007
1111030219024
1111086219034
1111086219035
1111086219036
1111030220002
1111030220003
1111030219006
4000001116144
1111030219007
1111030219008
1111086220018
1111086220025
1111086220016
1111086220023
1111086220017
1111086220024
1111086220015
1111086220022
1111086220013
1111086220020
1111086220014
1111086220021
1111086220012
1111086220019
4000001116025
4000001116026
1111030220004
1111030220005
1127086210015
1127086210018
1127091216010
1127091216011
1127091216005
1127091216007
1127091216008
1127091216006
1127091216009
1127091216004
1127091216002
1127091120028
1127091120035
1127091120042
1127091120032
1127091120039
1127091120046
1127091120027
1127091120034
1127091120041
1127091120031
1127091120038
1127091120045
1127091120026
1127091120033
1127091120040
1127091120029
1127091120036
1127091120043
1127091120030
1127091120037
1127091120044
1127091119004
1127091120000
1127091119001
1127091119002
1127091119003
1127091119000
1127091119005
1127091218018
1127091218019
1127091218020
1127091218021
1127091218022
1127091218023
1127091218030
1127091218031
1127091218024
1127091218025
1127091218026
1127091218034
1127091218035
1127091120006
1127091120013
1127091120020
1127091115009
1127091120007
1127091120014
1127091120021
1127091120004
1127091120012
1127091120018
1127091120009
1127091120016
1127091120023
1127091120003
1127091120011
1127091120017
1127091120008
1127091120015
1127091120022
1127091120002
1127091120010
1127091120024
1127091115024
1127091115025
1127091115027
1127091115028
1127091120005
1127091120025
1127091120019
1127091120001
1127091119006
1127091119007
1127091218005
1127091218003
1127091218004
1127091218012
1127091218013
1127091218014
1127091218007
1127091218015
1127091218016
1127091218017
1122030219018
1122030219025
1122030219017
1122030219022
1122030219021
1122030219020
1122030219023
1122030219024
1122030219019
1122086120003
1122086120001
1110008612000
1110008612001
1110008612002
1110008612003
1110008622000
1110008622001
1110008622002
1110008622003
1122086120002
1122086120000
1122030120000
1122030120002
1122030120001
1122030120003
1122090219028
1122090219024
1122090219031
1122090219027
1122090219030
1122090219026
1122090219029
1122090219025
1122090120012
1122090120017
1122090120013
1122090120018
1122090120014
1122090120019
1122090120015
1122090120020
1122090120016
1122090120021
1122090220000
1122090220003
1122090220001
1122090220002
1122086220000
1122092219044
1122092219045
1122092118001
1122092118002
1122092118000
1122092219000
1122092219046
1122090219015
1122092219016
1122092219006
1122092219026
1122092219036
1122092220001
1122092220002
1122092220003
1122092220004
1122092219019
1122092219009
1122092219029
1122092219039
1122092219020
1122092219010
1122092219030
1122092219040
1122092219021
1122092219011
1122092219031
1122092219041
1122092219017
1122092219007
1122092219027
1122092219037
1122092219023
1122092219013
1122092219033
1122092219043
1122092219018
1122092219008
1122092219028
1122092219038
1122092219022
1122092219012
1122092219032
1122092219042
1122092219015
1122092219005
1122092219025
1122092219035
1122092219014
1122092219004
1122092219024
1122092219034
1122090120004
1122090120007
1122090120005
1122090120006
1122090218024
1122090218026
1122090218025
1122090218031
1122090218023
1122090218027
1122090120008
1122090120011
1122090120009
1122090120010
1122090119026
1122090119027
1122090119030
1122090119025
1122090119029
1122030220000
1122090214008
1122090214007
1122090214010
1122090214009
1122090214006
1122086213001
1122092120000
1122092120001
1122092120002
1122092120003
1122030120004
1122030120006
1122030120005
1122030120007
1122090219016
1122090219020
1122090219023
1122090219021
1122090219022
1122090219036
1122090219033
1122090219032
1122090219035
1122090219034
1122090219037
1122090119017
1122090119020
1122090119015
1122090119018
1122090119016
1122090119019
1122090120028
1122090120030
1122090120029
1122090120031
1122090119023
1122090119038
1122090119021
1122090119024
1122090120033
1122090120035
1122090119022
1122090119022
1122090119037
1122090119037
1122030218009
1122030218008
1122030218007
1122030219016
1122030218020
1122030218019
1122030218018
1122030218017
1122030218016
1122030120010
1122090120022
1122090120025
1122090120023
1122090120026
1122090120024
1122090120027
1122030219003
1122030219002
1122030219001
1122030219000
1122090220004
1122090220007
1122090220005
1122090220006
1122090217009
1122090217008
1122090217010
1122090118032
1122090217011
1122090118031
1122030220001
1130030120005
1130030120006
1130030120007
1130030120008
1130030120009
1130030120010
1130030119012
1130030119010
1130030119015
1130030119013
1130030119014
1130030119017
1130030119016
1130090119001
1130090119000
1122090211001
1122030220002
1122090219007
1122030220004
1122030220003
1122030219005
1122030219004
1122090118023
1122090118025
1122090118024
1122090217030
1122090217037
1122090217028
1122090217035
1122090217027
1122090217034
1122090217029
1122090217036
1122090217033
1122090217040
1122090217031
1122090217038
1122090217032
1122090217039
1122090211028
1122090211029
1122030120009
1122030120008
1122030219010
1122030219011
1130090115003
1130090115004
1130030118004
1130030118012
1130030119003
1130030119009
1130030119004
1130030119005
1130030119006
1130030119007
1130030119001
1130030119002
1130030119000
1130030120001
1130030119000
1130030119008
1130030120002
1130030120003
1130030120004
1122090120000
1122090120003
1122090120001
1122090120002
1122030119003
1122030119002
1122030119001
1122030119000
1122030219007
1122030219006
1122030219009
1122030219008
1122030216002
1122030216003
1122030220006
1122030220007
1122030220005
1112092219011
1112092219007
1112030220015
1112030220016
1112030219001
1112030219002
1112092220007
1112092220006
1112092220001
1112092220015
1112092220014
1112092219001
1112092220010
1112092220011
1112092219002
1112030220000
1112092220016
1112092118005
1112092118003
1112092220017
1112092118001
1112092118002
1112092118000
1112092219000
1112092220005
1112092220004
1112092220012
1112092220013
1112092220008
1112092220009
1112030220013
1112030220014
1112092219008
1112092219004
1112092219005
1112030218001
1112092220021
1112092219003
1112030220001
1112092220018
1112092219009
1112030220002
1112030220003
1112092120001
1112092120000
1112092120002
1112092120003
1112092219022
1112092219028
1112092219026
1112092219020
1112092219030
1112092219024
1112092219025
1112092219031
1112092219023
1112092219029
1112030219019
1112030219023
1112030219021
1112030219025
1112030219022
1112030219026
1112092219021
1112092219027
1112092220002
1112092220003
1112092220020
1112030220004
1112030220005
1112030120000
1112030119004
1112030119002
1112030119006
1112030119007
1112030119003
1112030220011
1112030220012
1112030220010
1112030220008
1112092220019
1112030219012
1112030220006
1112030220007
1133030120008
1133030120017
1133030120026
1133030120035
1133030120007
1133030120016
1133030120025
1133030120034
1133030217073
1133030217074
1133030217075
1133030217072
1133030220016
1133030220017
1133030220018
1133030220019
1133030217085
1133030217086
1133030217087
1133030217084
1133030217080
1133030217081
1133030217082
1133030217083
1133030218086
1133030218087
1133030218088
1133030218085
1133030217065
1133030217066
1133030217067
1133030217064
1133030217069
1133030217070
1133030217071
1133030217068
1133030217077
1133030217078
1133030217079
1133030217076
1133030120003
1133030120012
1133030120021
1133030120030
1133030120002
1133030120011
1133030120020
1133030120029
1133030120001
1133030120010
1133030120019
1133030120028
1133030120000
1133030120009
1133030120018
1133030120027
1133030120037
1133030120043
1133030120049
1133030120055
1133030120036
1133030120042
1133030120048
1133030120054
1133030120038
1133030120044
1133030120050
1133030120056
1133030219037
1133030219038
1133030219039
1133030219040
1133030219041
1133030219042
1133030219043
1133030219044
1133030219046
1133030219047
1133030219048
1133030219045
1133030219050
1133030219051
1133030219052
1133030219049
1133030219058
1133030219059
1133030219060
1133030219057
1133086219003
1133086219000
1133086219001
1133086219002
1133030220028
1133030220029
1133030220030
1133030220031
1133030220020
1133030220021
1133030220022
1133030220023
1133030220024
1133030220025
1133030220026
1133030220027
1133086218005
1133086117024
1133086117025
1133030219025
1133030219026
1133030219027
1133030219028
1133030220040
1133030220041
1133030220042
1133030220043
1133030219033
1133030219034
1133030219035
1133030219036
1133030220044
1133030220045
1133030220046
1133030220047
1133030219029
1133030219030
1133030219031
1133030219032
1133030219054
1133030219055
1133030219056
1133030219053
1133030120040
1133030120046
1133030120052
1133030120058
1133030120039
1133030120045
1133030120051
1133030120057
1133030120041
1133030120047
1133030120053
1133030120059
1133030219013
1133030219014
1133030219015
1133030219016
1133030220056
1133030220057
1133030220058
1133030220059
1133030219017
1133030219018
1133030219019
1133030219020
1133030219021
1133030219022
1133030219023
1133030219024
1133030220052
1133030220053
1133030220054
1133030220055
1133030220048
1133030220049
1133030220050
1133030220051
1133086220002
1133086220001
1133086220004
1133086220003
1133086220000
1133086220005
1133086220006
1133086120004
1133086120005
1133086120006
1133086120007
1133086217028
1133086217029
1133086217030
1133086217031
1133086217032
1133086217033
1133086217034
1133086217035
1133086217020
1133086217021
1133086217022
1133086217023
1133086217008
1133086217009
1133086217010
1133086217011
1133086217012
1133086217013
1133086217014
1133086217015
1133086217024
1133086217025
1133086217026
1133086217027
1133086217004
1133086217005
1133086217006
1133086217007
1133086217016
1133086217017
1133086217018
1133086217019
1133086120000
1133086120001
1133086120002
1133086120003
1133086217000
1133086217001
1133086217002
1133086217003
1133030220036
1133030220037
1133030220038
1133030220039
1133030220032
1133030220033
1133030220034
1133030220035
1133030120005
1133030120014
1133030120023
1133030120032
1133030120006
1133030120015
1133030120024
1133030120033
1133030120004
1133030120013
1133030120022
1133030120031
1133030220000
1133030220001
1133030220002
1133030220003
1133030220004
1133030220005
1133030220006
1133030220007
1133030220012
1133030220013
1133030220014
1133030220015
1133030220008
1133030220009
1133030220010
1133030220011
1110092120001
1110092120015
1110092120002
1110092120016
1110092219011
1110092219017
1110092219025
1110092219033
1110092219002
1110092219003
1110092118033
1110092118032
1110092219001
1110092219004
1110086219002
1110086219000
1110086219001
1110086219003
1110092120005
1110092120019
1110092120006
1110092120020
1110092120011
1110092120025
1110092120026
1110092119032
1110092119033
1110092220007
1110092220015
1110092220023
1110092220006
1110092220014
1110092220022
1110092220001
1110092220009
1110092220017
1110092220031
1110092220039
1110092220047
1110092220030
1110092220038
1110092220046
1110092219005
1110092119036
1110092119038
1110092119037
1110092119039
1110092220026
1110092220034
1110092220042
1110092220027
1110092220035
1110092220043
1110092219006
1110092220048
1110092220054
1110092118043
1110092220049
1110092220055
1110092118039
1110092118040
1110092118038
1110092219000
1110092220005
1110092220013
1110092220021
1110092220004
1110092220012
1110092220020
1110092220028
1110092220036
1110092220044
1110092220029
1110092220037
1110092220045
1110092220024
1110092220032
1110092220040
1110092220025
1110092220033
1110092220041
1110092120009
1110092120023
1110092120010
1110092120024
1110092219018
1110092219014
1110092220053
1110092220059
1110092120007
1110092120021
1110092120008
1110092120022
1110092119052
1110092219007
1110092120013
1110092120027
1110092120014
1110092120028
1110092220050
1110092220056
1110092219013
1110092219019
1110092119054
1110092119055
1110092120029
1110092120030
1110092120031
1110092120033
1110092120032
1110092120039
1110092120040
1110092219037
1110092219039
1110092219041
1110092219036
1110092120034
1110092219038
1110092219040
1110092119002
1110092120035
1110092119012
1110092119022
1110092119025
1110092119005
1110092120036
1110092119015
1110092119000
1110092120037
1110092119010
1110092119020
1110092119026
1110092119006
1110092119016
1110092119003
1110092119013
1110092119023
1110092119004
1110092119014
1110092119024
1110092119009
1110092120038
1110092119019
1110092119029
1110092220002
1110092220010
1110092220018
1110092220003
1110092220011
1110092220019
1110092220052
1110092220058
1110092219035
1110030119006
1110030120000
1110030119004
1110030119022
1110030119026
1110030119021
1110030119012
1110030119020
1110030119005
1110030119007
1110030119003
1110030119013
1110092120000
1110092119059
1110092119057
1110092119061
1110092119062
1110092119058
1110030220017
1110030220018
1110030220016
1110030220014
1110092219020
1110092219028
1110092219032
1110092220051
1110092220057
1110092120003
1110092120017
1110092120004
1110092120018
1161030219000
1161030219002
1161092118004
1161092118005
1161092118003
1161092118001
1161092118002
1161092118000
1161092219000
1161030219001
1164086217000
1164086215006
1164086215007
1164086215008
1164086215004
1119030219002
1119030218001
1119086220001
1119086220003
1119086220000
1119086220002
1119086119004
1119086119001
1119086119003
1119086119000
1119086117010
1119086117001
1119086117011
1119086117002
1119086117009
1119086117000
1119086119008
1119086119006
1119086119009
1119086119007
1119030114009
1119030114008
1119030219001
1119030119001
1119030119000
1119086119012
1119086119013
1119086119011
1119086119010
1169090218008
1169090218020
1169090218017
1169090218019
1169090218018
1179091119004
1179091119005
1179091119008
1179091119009
1176086219000
1176086219001
1176086219005
1176086219003
1176086219002
1176086219004
1169090219008
1169090219015
1169090219007
1169090219014
1169090219009
1169090218028
1169090218030
1169090218032
1169090218027
1169090218029
1169090218031
1179091119001
1179091119000
1169090119036
1169090119037
1169090119009
1169090119012
1169090219006
1169090219013
1169090219004
1169090219003
1169090218033
1169090218035
1169090119040
1169090119041
1169090119000
1169090119001
1179091119003
1179091119002
1169090218022
1169090218026
1169090120006
1169090120007
1169090120008
1169090120009
1169090120010
1169090120011
1169090120012
1169090120013
1169090120014
1169090120015
1169090120016
1169090120017
1187091120019
1187091120017
1187091120018
1187091120022
1187091120020
1187091120021
1187091120003
1187091120004
1187091120005
1187091120006
1187091120007
1187091120008
1187091120009
1187091120010
1169090120000
1169090120001
1169090120002
1169090120003
1169090120004
1169090120005
1176086220001
1176086220002
1176086220000
1187091120002
1187091120000
1187091120001
1169090120024
1169090120025
1169090120020
1169090120021
1187091120013
1187091120011
1187091120012
1187091120016
1187091120014
1187091120015
1137086117004
1137086117000
1137086117002
1137086117012
1137086117010
1137086117006
1137086117008
1139091118089
1139091118090
1139091118095
1139091118096
1139091118091
1139091118092
1139091118093
1139091118094
1139091118097
1139091118098
1139091118099
1139091118100
1139091118101
1139091118102
1139091118109
1139091118112
1139091118110
1139091118111
1139091118081
1139091118082
1139091118087
1139091118088
1139091118083
1139091118084
1139091118085
1139091118086
1139091118105
1139091118108
1139091118106
1139091118107
1139091118103
1139091118104
0
7.90
7.90
7.90
7.90
7.90
8.3
8.3
8.3
8.3
8.3
32.00
45.00
49.00
55.00
29.00
22.00
19.00
30.00
43.00
129.00
129.00
129.00
129.00
79.00
79.00
79.00
79.00
119.00
119.00
119.00
119.00
79.00
79.00
79.00
124.00
124.00
124.00
129.00
129.00
129.00
129.00
79.00
79.00
390.00
49.00
59.00
49.00
59.00
119.00
119.00
119.00
119.00
149.00
149.00
149.00
149.00
79.00
79.00
49.00
49.00
39.00
49.00
39.00
49.00
39.00
39.00
119.00
79.00
12.00
12.00
12.00
12.00
12.00
12.00
12.00
12.00
25.00
25.00
25.00
25.00
25.00
25.00
99
99
99.00
99
99.00
99.00
99.00
99.00
29.50
45.00
29.50
45.00
29.50
45.00
29.50
45.00
39.00
49.00
59.00
39.00
49.00
59.00
39.00
49.00
59.00
39.00
49.00
59.00
39.00
49.00
59.00
99
99
99
99
99
99
109
109.00
65.00
65.00
29.50
45.00
29.50
45.00
37
49
37
49
37
49
37
49
37
49
37
49
37
49
29.00
39.00
29.00
39.00
29.00
39.00
39.00
29.00
29.00
39.00
29.00
39.00
73.00
99.00
119
73.00
99.00
73.00
99.00
119
73.00
99.00
119
73.00
99
119
73.00
99.00
99.00
119
73.00
99.00
119
73.00
73.00
99.00
119
73.00
99.00
89.00
109.00
109.00
109.00
109.00
109.00
29.50
45.00
29.50
45.00
29.50
45.00
29.50
45.00
49.00
49.00
49.00
49.00
25.00
25.00
25.00
25.00
25.00
25.00
34.00
39.00
34.00
39.00
34.00
39.00
34.00
39.00
39.00
39.00
39.00
39
34.00
39.00
39.00
39.00
34.00
39.00
39.00
39.00
39.00
39.00
39.00
25.00
34.00
39.00
34.00
39.00
34.00
39.00
34.00
39.00
34.00
39.00
34.00
39.00
34.00
39.00
34.00
39.00
34.00
39.00
39.00
34.00
39.00
34.00
39.00
34.00
39.00
34.00
39.00
34.00
39.00
34.00
39.00
39.00
34.00
34.00
39.00
34.00
39.00
34
39
34
39
34
39
21.00
10
10
10
10
10
10
10
10
10
13.00
13.00
13.00
13.00
10.00
10.00
10.00
10.00
10.00
10.00
10.00
16.00
19.00
29.00
16.00
19.00
29.00
16.00
19.00
29.00
29.00
16.00
19.00
12.00
12.00
12.00
12.00
18.00
10.00
10.00
10.00
10.00
10.00
10.00
10.00
29.00
15.00
15.00
15.00
15.00
16.00
60.00
30.00
15.00
15.00
15.00
15.00
15.00
15.00
15
15
15
15
15
15
15
20
20.00
20.00
20.00
20.00
20.00
20.00
20.00
20.00
20
20.00
58
15.00
14.00
25.00
25.00
25.00
25.00
25.00
15.00
15.00
15.00
15.00
15.00
15.00
15.00
15.00
15.00
15.00
39.00
39.00
17
17
17
17
17
17
17
20.00
5.00
4.80
5.60
4.80
20.00
25.00
19.00
19.00
19.00
19.00
19.00
19.00
19.00
19
19.00
19.00
19
19
19
9.90
9.9
9.90
9.90
9.90
9.90
9.90
9.90
9.90
9.90
9.90
9.90
19
19
25.00
25.00
25.00
25.00
25.00
25.00
29
29
29
29
19.00
19.00
19.00
19
19
45.00
45.00
45.00
45.00
45.00
45.00
45.00
45.00
18.00
18.00
18.00
18.00
18.00
18.00
18.00
39.00
39.00
39.00
39.00
39.00
39.00
39.00
39.00
39.00
39.00
39.00
39.00
39.00
39.00
39.00
39.00
39.00
39.00
39.00
39.00
39.00
39.00
39.00
39.00
39.00
39.00
39.00
39.00
39.00
39.00
39.00
39.00
45.00
45.00
89.00
89.00
89.00
89.00
89.00
89.00
89.00
89.00
89.00
89.00
89.00
89.00
89.00
89.00
89.00
35.00
35.00
35.00
59.00
59.00
59.00
59.00
59.00
59.00
59.00
59.00
59.00
59.00
59
59.00
59.00
59.00
59.00
59.00
59.00
59.00
59.00
59.00
59.00
59.00
59.00
59.00
59.00
59.00
59.00
59.00
59.00
59.00
59.00
59.00
59.00
59.00
59.00
59.00
59.00
45.00
45.00
45.00
45.00
35.00
35.00
35.00
59.00
59.00
59.00
59.00
59.00
59.00
59.00
59.00
59.00
59.00
59.00
59.00
59.00
59.00
59.00
59.00
59.00
59.00
45.00
45.00
65.00
65.00
65.00
65.00
65.00
65.00
65.00
65.00
65.00
65.00
65.00
65.00
65.00
65.00
65.00
65.00
65.00
65.00
35.00
35.00
35.00
45.00
29.00
29.00
29.00
29.00
29.00
29.00
29.00
29.00
29.00
29.00
29
29.00
29.00
29.00
29.00
29.00
29.00
29.00
29.00
29.00
29.00
29.00
29.00
29.00
29.00
29.00
29.00
29.00
29.00
29.00
29.00
29.00
29.00
29.00
55
77
55
77
55
77
55
77
55
77
55
77
139.00
77.00
77.00
85.00
36.00
79.00
79.00
49.00
79.00
79.00
79.00
49.00
79.00
164
164
164
164
149.00
49.00
77.00
77.00
77.00
77.00
77.00
49.00
50.00
79.00
79
119.00
119.00
119.00
164.00
164.00
164.00
79.00
79.00
65.4
84
65.4
84
65.4
84
65.4
84
65.4
84
65.4
84
79.00
79.00
79.00
79.00
79.00
139.00
79.50
79.50
59.50
79.50
79.50
79.50
79.50
79.00
55
77
55
77
55
77
55
77
55
77
55
77
77.00
175.00
259.00
129.00
189.00
129.00
189.00
49.00
79
245.00
390.00
79.00
79
79.00
79
77.00
119.00
119.00
119.00
79
79
79.00
390.00
79.00
79.00
55
69
55
69
55
69
55
69
55
69
55
69
55
69
89.00
129.00
79
79
29.00
39.00
25.00
25.00
25.00
25.00
25.00
25.00
25.00
25.00
25.00
9.90
24.00
39.00
9.90
24.00
39.00
9.90
24.00
39.00
9.90
24.00
39.00
9.90
24.00
39.00
9.90
24.00
39.00
9.90
24.00
39.00
25.00
25.00
25.00
25.00
25.00
25.00
25.00
14.00
25.00
45.00
14.00
25.00
45.00
14.00
25.00
14.00
25.00
45.00
25.00
45.00
16.00
29.00
45.00
29.00
16.00
29.00
45.00
16.00
29.00
45.00
16.00
29.00
45.00
16.00
29.00
45.00
16.00
29.00
45.00
16.00
29.00
45.00
29.00
45.00
29.00
45.00
16.00
29.00
45.00
16.00
29.00
45.00
45.00
14.00
25.00
14.00
25.00
45.00
25.00
14.00
25.00
45.00
39.00
39.00
39.00
39.00
39.00
39.00
39.00
39.00
39.00
6.00
6.00
6.00
6.00
6.00
6.00
6
6
6
6
6.00
6.00
39.00
39.00
39.00
39.00
12.00
24.00
12.00
24.00
12.00
24.00
12.00
24.00
12.00
24.00
12.00
24.00
12.00
24.00
12.00
24.00
12.00
24.00
39
39
39
39
9.9
25.00
25.00
25.00
25
25.00
25.00
25.00
39.00
2.70
7.90
16.90
23.90
2.7
7.9
16.9
23.9
2.70
7.90
16.90
23.90
2.70
7.90
16.90
23.90
2.70
7.90
16.90
23.90
2.70
7.90
16.90
23.90
2.70
7.90
16.90
23.90
2.70
7.90
16.90
23.90
2.70
7.90
16.90
23.90
2.70
7.90
16.90
23.90
2.70
7.90
16.90
23.90
39.00
39.00
39.00
39.00
12.00
12.00
12.00
24.00
12.00
12.00
39.00
39.00
39.00
39.00
12.00
12.00
12.00
12.00
12.00
39
39.00
39.00
39.00
39.00
39.00
13.00
29.00
29.00
29.00
29.00
39.00
39.00
39.00
39.00
12.00
24.00
24.00
24.00
24.00
39.00
39.00
39.00
39.00
39.00
39.00
12.00
24.00
12.00
24.00
12.00
24.00
12.00
24.00
12.00
24.00
12.00
24.00
12.00
24.00
12.00
24.00
12.00
12.00
24.00
24.00
12.00
39.00
12.00
39.00
39.00
12.00
39.00
12.00
39.00
39.00
12.00
24.00
12.00
24.00
12.00
24.00
12.00
39.00
12.00
39.00
39
39
39
39
35.00
35.00
35.00
35.00
35.00
35
39
25.00
25.00
25.00
25.00
25.00
25.00
25.00
25.00
25.00
25.00
25.00
25.00
25.00
19.00
19.00
49.00
39
39.00
39
39
12.00
39.00
12.00
12.00
12.00
13.50
39.00
13.50
39.00
13.50
39.00
13.50
39.00
13.50
39.00
13.50
39.00
13.50
39.00
13.50
39.00
39.00
39.00
39.00
39.00
35.00
35.00
35.00
35.00
35.00
35.00
35.00
35.00
35.00
35.00
35.00
35.00
35.00
35.00
35.00
35.00
35.00
35.00
35.00
39.00
39.00
39.00
39.00
12.00
39.00
12.00
39.00
12.00
39.00
12.00
39.00
39.00
39.00
39
39
39
65.00
65
65
65
65.00
65.00
65
65
65
65
65
39.00
65
65
39.00
59
65
39.00
39.00
65
39.00
39
39.00
39.00
65
65
65
65
65
65
65
65
65.00
65
65.00
59.00
65
39.00
59
65
65
59
59
39
50
39
50
39.00
50.00
50.00
39.00
50.00
39.00
39.00
50.00
39.00
50.00
39.00
50.00
39.00
50.00
39.00
50.00
39.00
50.00
65
65
65
59
59
112.00
112.00
112.00
112.00
112.00
112.00
99
99
99
99
65
59.00
59
59
35.00
55.00
65.00
75.00
35.00
55.00
65.00
75.00
80.00
92.00
114.00
54.00
54
80
92
114
80.00
92.00
114.00
54.00
54.00
80.00
92.00
114.00
80.00
92.00
114.00
54.00
80.00
92.00
114.00
54.00
80.00
92.00
114.00
54.00
80.00
92.00
114.00
54.00
35.00
55.00
65.00
75.00
35.00
55.00
65.00
75.00
35.00
55.00
65.00
75.00
35.00
55.00
65.00
75.00
29.00
39.00
49.00
59.00
29.00
39.00
49.00
59.00
29.00
39.00
49.00
59.00
35.00
55.00
65.00
75.00
35.00
55.00
65.00
75.00
55.00
65.00
75.00
35.00
55.00
65.00
75.00
35.00
55.00
65.00
75.00
35.00
49
49
49
49
35
55
65
75
35
55
65
75
35
55
65
75
79.00
59.00
79.00
35.00
55.00
65.00
75.00
35
55
65
75
35.00
55.00
65.00
75.00
35
55
65
75
35.00
55.00
65.00
75.00
55.00
65.00
75.00
35.00
29.00
39.00
49.00
59.00
29.00
39.00
49.00
59.00
29.00
39.00
49.00
59.00
35.00
55.00
65.00
75.00
35
55
65
75
35.00
55.00
65.00
75.00
35.00
55.00
65.00
75.00
35
55
65
75
35
55
65
75
33
33
33
33
33
33
33
65
99
129
139
65.00
99.00
129.00
139.00
65.00
99.00
129.00
139.00
65.00
99.00
129.00
139.00
65.00
99.00
129.00
139.00
65.00
99.00
129.00
139.00
65.00
99.00
129.00
139.00
65.00
99.00
129.00
139.00
65.00
99.00
129.00
139.00
65
99
129
139
65.00
99.00
129.00
139.00
35
55
65
75
35
55
65
75
35.00
55.00
65.00
75.00
35.00
55.00
65.00
75.00
35.00
55.00
65.00
75.00
35
55
65
75
35
55
65
75
35
55
65
75
35
55
65
75
65.00
76.00
65.00
76.00
43.00
65.00
43.00
65.00
29.00
29.00
29.00
29.00
29.00
29.00
119.00
119.00
119.00
119.00
65.00
76.00
65.00
76.00
65.00
76.00
76.00
65.00
65.00
43
65
76
43
65
76
43
65
76
43
65
76
43
65
76
39.00
43.00
65.00
43.00
65.00
43
65
76
43
65
76
39.00
43
65
39.00
43
65
39.00
39.00
39.00
39.00
43
65
76
43
65
76
43
65
76
43
65
76
43
65
76
43
65
76
65.00
76.00
65.00
76.00
65.00
65.00
43
65
65.00
76.00
65.00
76.00
65.00
39.00
65.00
76.00
65.00
76.00
43
65
43.00
65.00
43.00
65.00
19.00
26.00
33.00
26
19
26
33
19.00
26.00
33.00
19.00
26
26.00
33.00
19.00
26
26.00
33.00
33.00
19.00
26
26.00
19.00
26
26.00
33.00
33.00
19.00
26.00
19.00
26.00
33.00
19.00
26.00
33.00
19.00
26
26.00
33.00
43
65
76
43
65
76
43
65
65.00
112.00
112.00
112.00
112.00
112.00
112.00
112.00
112.00
112.00
112.00
112.00
112.00
38.00
38.00
38.00
38.00
38.00
38.00
119
119
119
119
43.00
65.00
65.00
43
65
65.00
76.00
65.00
76.00
49.00
49.00
49.00
49.00
49.00
49.00
49.00
49.00
49.00
49.00
144.00
192.00
216.00
240.00
120.00
135.00
175.00
39
49
39
49
39.00
49.00
39.00
49.00
39
49
39
49
39
49.00
39.00
49.00
39.00
49.00
135.00
125.00
135.00
115.00
111.00
39.00
39.00
49.00
49.00
229.00
229.00
229.00
229.00
229.00
139.00
139.00
149.00
149.00
105.00
105.00
105.00
105.00
105.00
105.00
250.00
370.00
250.00
370.00
250.00
250.00
370.00
229.00
250.00
370.00
229.00
132.00
132.00
250.00
370.00
250.00
370.00
250.00
370.00
250.00
250.00
250.00
370.00
250.00
370.00
250.00
370.00
149.00
149.00
250.00
229.00
250
370
250
370
250
370
250
370
250
370
250
370
89.00
24.00
30.00
89.00
24.00
30.00
79.00
119.00
79.00
119.00
79.00
119.00
79.00
119.00
250
370
250
370
250
370
105
105
105
89.00
24.00
30.00
250
370
250
370
89.00
27.00
39.00
89.00
27.00
39.00
168.00
168.00
168.00
168.00
168.00
168.00
168.00
79.00
109.00
79.00
109.00
79.00
109.00
79.00
109.00
79.00
109.00
79.00
109.00
79.00
109.00
39.00
39.00
39.00
39.00
79.00
109.00
79.00
109.00
79.00
109.00
79.00
109.00
69.00
69.00
69.00
69.00
79.00
109.00
0
0%
0%
0%
0%
0%
50%
50%
50%
50%
50%
0%
0%
0%
0%
0%
0%
0%
0%
0%
0%
0%
0%
0%
0%
0%
0%
0%
0%
0%
0%
0%
0%
0%
0%
0%
0%
0%
0%
0%
0%
0%
0%
0%
0%
20%
20%
20%
20%
0%
0%
0%
0%
0%
0%
0%
0%
0%
0%
40%
40%
40%
40%
40%
40%
40%
40%
40%
0%
0%
0%
0%
0%
0%
0%
0%
0%
0%
0%
0%
0%
0%
0%
0%
0%
0%
0%
10%
10%
10%
10%
0%
0%
0%
0%
0%
0%
0%
0%
20%
20%
20%
20%
20%
20%
20%
20%
20%
20%
20%
20%
20%
20%
20%
0%
0%
0%
0%
0%
0%
10%
10%
0%
0%
0%
0%
0%
0%
0%
0%
0%
0%
0%
0%
0%
0%
0%
0%
0%
0%
0%
0%
0%
0%
0%
0%
0%
0%
0%
0%
0%
0%
0%
0%
0%
0%
0%
0%
0%
0%
0%
0%
0%
0%
0%
0%
0%
0%
0%
0%
0%
0%
0%
0%
0%
0%
0%
0%
0%
0%
0%
10%
0%
0%
0%
0%
0%
0%
0%
0%
0%
0%
0%
0%
0%
0%
0%
0%
0%
0%
0%
0%
0%
0%
0%
0%
0%
0%
0%
0%
0%
0%
0%
0%
0%
0%
0%
0%
0%
0%
0%
0%
0%
0%
0%
0%
0%
0%
0%
0%
0%
0%
0%
0%
0%
0%
0%
0%
0%
0%
0%
0%
0%
0%
0%
0%
0%
0%
0%
0%
0%
0%
0%
0%
0%
0%
0%
0%
0%
0%
0%
0%
0%
0%
0%
0%
0%
0%
0%
0%
0%
0%
0%
0%
0%
0%
0%
0%
0%
0%
0%
0%
0%
0%
0%
0%
0%
0%
0%
0%
0%
0%
0%
0%
0%
0%
0%
0%
0%
0%
0%
0%
0%
0%
0%
0%
0%
0%
0%
0%
0%
0%
0%
0%
0%
0%
0%
0%
0%
0%
0%
0%
0%
0%
0%
0%
0%
0%
0%
0%
0%
0%
0%
0%
0%
0%
0%
0%
0%
0%
0%
0%
0%
0%
0%
0%
0%
0%
0%
50%
0%
0%
0%
0%
0%
0%
0%
0%
0%
0%
0%
0%
0%
0%
0%
0%
0%
0%
0%
0%
0%
0%
0%
0%
0%
0%
0%
0%
0%
0%
0%
50%
0%
0%
0%
0%
0%
0%
0%
0%
0%
0%
0%
0%
0%
0%
0%
0%
0%
0%
0%
0%
0%
0%
0%
0%
0%
0%
0%
0%
10%
10%
10%
10%
10%
10%
10%
10%
10%
10%
0%
0%
0%
0%
0%
0%
0%
0%
0%
0%
0%
0%
0%
0%
0%
0%
0%
0%
0%
0%
0%
0%
0%
0%
0%
0%
0%
0%
0%
0%
0%
0%
0%
0%
0%
0%
0%
0%
0%
0%
0%
0%
0%
0%
0%
0%
0%
0%
0%
0%
0%
0%
0%
0%
0%
0%
0%
0%
0%
0%
0%
0%
0%
0%
0%
0%
0%
0%
0%
0%
0%
0%
0%
0%
0%
0%
0%
0%
0%
0%
0%
0%
0%
0%
0%
0%
0%
0%
0%
0%
0%
0%
0%
0%
0%
0%
0%
0%
0%
0%
0%
0%
0%
0%
0%
0%
0%
0%
0%
0%
0%
0%
0%
0%
0%
0%
0%
0%
0%
0%
0%
0%
0%
0%
0%
0%
0%
0%
0%
0%
0%
0%
0%
0%
0%
0%
0%
0%
0%
0%
0%
0%
0%
0%
0%
0%
0%
0%
0%
0%
0%
0%
0%
0%
0%
0%
0%
0%
0%
0%
0%
0%
0%
0%
0%
0%
0%
0%
0%
0%
0%
0%
0%
0%
0%
0%
0%
0%
0%
0%
0%
0%
0%
0%
0%
0%
0%
0%
0%
0%
0%
0%
10%
10%
10%
10%
10%
10%
10%
10%
10%
10%
10%
10%
0%
10%
10%
0%
0%
10%
10%
0%
10%
10%
10%
0%
10%
10%
10%
10%
10%
0%
0%
10%
10%
10%
10%
10%
0%
0%
0%
0%
0%
0%
0%
10%
0%
0%
0%
0%
40%
40%
40%
40%
40%
40%
40%
40%
40%
40%
40%
40%
0%
0%
0%
0%
0%
0%
0%
0%
0%
0%
0%
0%
0%
0%
10%
10%
10%
10%
10%
10%
10%
10%
10%
10%
10%
10%
10%
0%
0%
0%
0%
0%
0%
0%
0%
0%
0%
0%
0%
0%
0%
10%
0%
0%
0%
0%
0%
0%
0%
0%
0%
0%
0%
0%
0%
0%
0%
0%
0%
0%
0%
0%
0%
0%
0%
0%
0%
0%
0%
0%
0%
0%
0%
0%
0%
0%
0%
0%
0%
0%
0%
0%
0%
0%
0%
0%
0%
0%
0%
0%
0%
0%
0%
0%
0%
0%
0%
0%
0%
0%
0%
0%
0%
0%
0%
0%
0%
0%
0%
0%
0%
0%
0%
0%
0%
0%
0%
0%
0%
0%
0%
0%
0%
0%
0%
0%
0%
0%
0%
0%
0%
0%
0%
0%
0%
0%
0%
0%
0%
0%
0%
0%
0%
0%
0%
0%
0%
0%
0%
0%
0%
0%
0%
0%
0%
0%
0%
0%
0%
0%
0%
0%
0%
0%
0%
0%
0%
0%
0%
0%
0%
0%
0%
0%
0%
0%
0%
0%
0%
0%
0%
0%
0%
0%
0%
0%
0%
0%
0%
0%
0%
0%
0%
0%
0%
0%
0%
0%
0%
0%
0%
0%
0%
0%
0%
0%
0%
0%
0%
0%
0%
0%
0%
0%
0%
0%
0%
0%
0%
0%
0%
0%
0%
0%
0%
0%
0%
0%
0%
0%
0%
0%
0%
0%
0%
0%
0%
0%
0%
0%
0%
0%
0%
0%
0%
0%
0%
0%
0%
0%
0%
0%
0%
0%
0%
0%
0%
0%
0%
0%
0%
0%
0%
0%
0%
0%
0%
0%
0%
0%
0%
0%
0%
0%
0%
0%
0%
0%
0%
0%
0%
0%
0%
0%
0%
0%
0%
0%
0%
0%
0%
0%
0%
0%
0%
0%
0%
0%
0%
0%
0%
0%
0%
0%
0%
0%
0%
0%
0%
0%
0%
0%
0%
0%
0%
0%
0%
0%
0%
0%
0%
0%
0%
0%
0%
0%
0%
0%
0%
0%
0%
0%
0%
0%
0%
0%
0%
0%
0%
0%
0%
0%
0%
0%
0%
0%
0%
0%
0%
0%
0%
0%
0%
0%
0%
0%
0%
0%
0%
0%
0%
0%
0%
0%
0%
0%
0%
0%
0%
0%
0%
0%
0%
0%
0%
0%
0%
0%
0%
0%
0%
0%
0%
0%
0%
0%
0%
0%
0%
0%
0%
0%
0%
0%
0%
0%
0%
0%
0%
0%
0%
0%
0%
0%
0%
0%
0%
0%
0%
0%
0%
0%
0%
0%
0%
0%
0%
0%
0%
0%
0%
0%
0%
0%
0%
0%
0%
0%
0%
0%
0%
0%
0%
0%
0%
0%
0%
0%
0%
0%
10%
10%
10%
10%
10%
10%
10%
10%
10%
10%
10%
0%
10%
10%
0%
0%
10%
0%
0%
10%
0%
0%
0%
0%
10%
10%
10%
10%
10%
10%
10%
10%
10%
10%
10%
0%
10%
0%
0%
10%
10%
0%
0%
0%
0%
0%
0%
0%
0%
0%
0%
0%
0%
0%
0%
0%
0%
0%
0%
0%
0%
0%
0%
0%
0%
10%
10%
10%
0%
0%
10%
10%
10%
10%
10%
10%
10%
10%
10%
10%
10%
0%
0%
0%
0%
0%
0%
0%
0%
0%
0%
0%
40%
40%
40%
40%
40%
40%
40%
40%
40%
40%
40%
40%
40%
40%
40%
40%
40%
40%
40%
40%
40%
40%
40%
40%
40%
40%
40%
40%
40%
40%
40%
40%
0%
0%
0%
0%
0%
0%
0%
0%
0%
0%
0%
0%
0%
0%
0%
0%
0%
0%
0%
0%
0%
0%
0%
0%
0%
0%
0%
0%
0%
0%
0%
0%
0%
0%
0%
0%
0%
0%
0%
0%
0%
0%
0%
0%
0%
0%
0%
0%
0%
0%
0%
0%
0%
0%
0%
0%
0%
0%
0%
0%
0%
0%
0%
0%
0%
0%
0%
0%
0%
0%
0%
0%
0%
0%
0%
0%
0%
0%
0%
0%
0%
0%
0%
0%
0%
0%
0%
0%
0%
0%
0%
0%
0%
0%
0%
0%
0%
0%
0%
0%
0%
0%
0%
0%
0%
0%
0%
0%
0%
0%
0%
0%
0%
0%
0%
0%
0%
0%
0%
0%
0%
0%
0%
0%
0%
0%
0%
0%
0%
0%
0%
0%
0%
0%
0%
0%
0%
0%
0%
0%
0%
0%
0%
0%
0%
0%
0%
0%
0%
0%
0%
0%
0%
0%
0%
0%
0%
0%
0%
0%
0%
0%
0%
0%
0%
0%
0%
0%
0%
0%
0%
0%
0%
0%
0%
0%
0%
0%
0%
0%
0%
0%
0%
0%
0%
0%
0%
0%
0%
0%
0%
0%
0%
0%
0%
0%
0%
0%
0%
0%
0%
0%
0%
0%
0%
0%
0%
0%
0%
0%
0%
0%
0%
0%
40%
40%
40%
40%
10%
10%
10%
10%
0%
0%
0%
0%
0%
0%
0%
0%
0%
0%
40%
40%
40%
40%
10%
10%
10%
10%
10%
10%
10%
10%
10%
10%
10%
10%
10%
10%
10%
10%
10%
10%
10%
10%
0%
10%
10%
10%
10%
10%
10%
10%
10%
10%
10%
0%
10%
10%
0%
10%
10%
0%
0%
0%
0%
10%
10%
10%
10%
10%
10%
10%
10%
10%
10%
10%
10%
10%
10%
10%
10%
10%
10%
10%
10%
10%
10%
10%
10%
10%
10%
40%
40%
40%
40%
10%
0%
40%
40%
40%
40%
10%
10%
10%
10%
10%
10%
0%
0%
0%
0%
0%
0%
0%
0%
0%
0%
0%
0%
0%
0%
0%
0%
0%
0%
0%
0%
0%
0%
0%
0%
0%
0%
0%
0%
0%
0%
0%
0%
0%
0%
0%
0%
0%
0%
0%
10%
10%
10%
10%
10%
10%
10%
10%
10%
10%
10%
10%
10%
10%
10%
10%
10%
10%
10%
10%
10%
10%
10%
10%
10%
10%
10%
10%
10%
10%
10%
10%
10%
10%
10%
10%
40%
40%
40%
40%
0%
0%
0%
0%
0%
0%
0%
0%
0%
0%
0%
0%
0%
0%
0%
0%
0%
0%
0%
0%
0%
0%
0%
0%
0%
0%
0%
0%
0%
0%
0%
0%
0%
0%
0%
0%
0%
0%
0%
0%
0%
0%
0%
0%
20%
20%
20%
20%
20%
10%
10%
10%
10%
0%
0%
0%
0%
0%
0%
20%
20%
20%
20%
20%
20%
20%
20%
20%
20%
20%
10%
10%
20%
20%
20%
20%
20%
20%
20%
20%
20%
20%
20%
20%
20%
20%
10%
10%
20%
20%
20%
20%
20%
20%
20%
20%
20%
20%
20%
20%
20%
20%
0%
0%
0%
0%
0%
0%
0%
0%
0%
0%
0%
0%
0%
0%
20%
20%
20%
20%
20%
20%
20%
20%
20%
0%
0%
0%
20%
20%
20%
20%
0%
0%
0%
0%
0%
0%
0%
0%
0%
0%
0%
0%
0%
0%
0%
0%
0%
0%
0%
0%
0%
0%
0%
0%
0%
0%
0%
0%
0%
0%
0%
0%
0%
0%
0%
0%
0%
0%
0%
0%
0%
0%
0%
0%
0%
100